
('O', 0, 1, 3) 
('O', 0, 1, 3) ('S', 0, 5, 9) 
('O', 0, 1, 3) ('S', 0, 4, 10) ('L', 0, 2, 12) 
('O', 0, 1, 3) ('S', 2, 4, 10) ('L', 0, 2, 12) 
('O', 0, 0, 2) ('S', 2, 4, 10) ('L', 0, 2, 12) 
('O', 0, 0, 2) ('S', 2, 4, 10) ('L', 0, 2, 12) ('J', 2, 6, 7) 
('O', 0, 0, 2) ('S', 2, 4, 10) ('L', 0, 2, 12) ('J', 2, 6, 7) ('C', 1, 0, 11) 
('O', 0, 1, 1) ('S', 2, 4, 10) ('L', 0, 2, 12) ('J', 2, 6, 7) ('C', 1, 0, 11) ('T', 0, 3, 7) 
('O', 0, 1, 1) ('S', 2, 4, 10) ('L', 0, 2, 12) ('J', 2, 6, 7) ('C', 1, 0, 11) ('T', 0, 3, 7) ('L', 5, 0, 7) 
('O', 0, 1, 1) ('S', 2, 4, 10) ('L', 0, 2, 12) ('J', 2, 6, 7) ('C', 1, 0, 11) ('T', 0, 3, 7) ('L', 5, 0, 7) ('S', 3, 7, 11) 
('O', 0, 1, 1) ('S', 2, 4, 10) ('L', 0, 2, 12) ('J', 2, 7, 6) ('C', 1, 0, 11) ('T', 0, 3, 7) ('L', 5, 0, 7) ('S', 3, 7, 11) 
('O', 0, 1, 1) ('S', 2, 4, 10) ('L', 0, 2, 12) ('J', 2, 7, 6) ('C', 1, 0, 11) ('T', 0, 3, 7) ('L', 5, 0, 7) ('S', 3, 7, 11) ('C', 0, 4, 2) 
('O', 0, 1, 1) ('S', 2, 4, 10) ('L', 0, 2, 12) ('J', 2, 7, 6) ('C', 1, 0, 11) ('T', 0, 3, 7) ('L', 5, 0, 7) ('S', 3, 7, 11) ('C', 0, 4, 2) ('S', 1, 6, 4) 
('O', 0, 1, 1) ('S', 2, 4, 10) ('L', 0, 2, 12) ('J', 2, 7, 6) ('C', 1, 0, 11) ('T', 0, 3, 7) ('L', 5, 0, 7) ('S', 3, 7, 11) ('C', 0, 4, 2) ('S', 1, 6, 4) ('J', 3, 3, 5) 
('O', 0, 1, 1) ('S', 2, 4, 10) ('L', 0, 2, 12) ('J', 2, 7, 6) ('C', 0, 0, 11) ('T', 0, 3, 7) ('L', 5, 0, 7) ('S', 3, 7, 11) ('C', 0, 4, 2) ('S', 1, 6, 4) ('J', 3, 3, 5) 
('O', 0, 1, 1) ('S', 2, 4, 10) ('L', 0, 2, 12) ('J', 2, 7, 6) ('C', 0, 0, 11) ('T', 0, 3, 7) ('L', 5, 0, 7) ('S', 3, 7, 11) ('C', 0, 4, 2) ('S', 1, 6, 4) ('J', 3, 2, 5) 
('O', 0, 1, 1) ('S', 2, 4, 10) ('L', 0, 2, 12) ('J', 2, 7, 6) ('C', 0, 0, 11) ('T', 0, 3, 7) ('L', 5, 0, 7) ('S', 3, 7, 11) ('C', 0, 4, 2) ('S', 1, 6, 4) ('J', 3, 2, 5) ('B', 0, 3, 9) 
('O', 0, 1, 1) ('S', 3, 4, 10) ('L', 0, 2, 12) ('J', 2, 7, 6) ('C', 0, 0, 11) ('T', 0, 3, 7) ('L', 5, 0, 7) ('S', 3, 7, 11) ('C', 0, 4, 2) ('S', 1, 6, 4) ('J', 3, 2, 5) ('B', 0, 3, 9) ('I', 1, 0, 0) 
('O', 0, 1, 1) ('S', 3, 4, 10) ('L', 0, 2, 12) ('J', 2, 7, 6) ('C', 0, 0, 11) ('T', 0, 3, 7) ('L', 5, 0, 7) ('S', 3, 7, 11) ('C', 0, 4, 2) ('S', 1, 6, 4) ('J', 3, 2, 5) ('B', 0, 3, 9) ('I', 0, 0, 0) 
('O', 0, 1, 1) ('S', 3, 4, 10) ('L', 0, 2, 12) ('J', 2, 7, 6) ('C', 0, 0, 11) ('T', 0, 3, 7) ('L', 5, 0, 7) ('S', 3, 7, 11) ('C', 0, 4, 2) ('S', 1, 6, 4) ('J', 3, 2, 5) ('B', 0, 3, 9) ('I', 0, 0, 0) ('T', 1, 0, 3) 
('O', 0, 1, 1) ('S', 3, 4, 10) ('L', 0, 2, 12) ('J', 2, 7, 6) ('C', 0, 0, 11) ('T', 0, 3, 7) ('L', 5, 0, 7) ('S', 3, 7, 11) ('C', 0, 4, 2) ('S', 1, 6, 4) ('J', 3, 2, 5) ('B', 0, 3, 9) ('I', 0, 0, 0) ('T', 1, 0, 3) ('O', 0, 7, 8) 
('O', 0, 1, 1) ('S', 3, 3, 11) ('L', 0, 2, 12) ('J', 2, 7, 6) ('C', 0, 0, 11) ('T', 0, 3, 7) ('L', 5, 0, 7) ('S', 3, 7, 11) ('C', 0, 4, 2) ('S', 1, 6, 4) ('J', 3, 2, 5) ('B', 0, 3, 9) ('I', 0, 0, 0) ('T', 1, 0, 3) ('O', 0, 7, 8) 
('O', 0, 1, 1) ('S', 3, 3, 11) ('L', 0, 2, 12) ('J', 2, 7, 6) ('C', 0, 0, 11) ('T', 0, 3, 7) ('L', 5, 0, 7) ('S', 3, 7, 11) ('C', 0, 4, 2) ('S', 1, 6, 4) ('J', 3, 2, 5) ('B', 1, 3, 9) ('I', 0, 0, 0) ('T', 1, 0, 3) ('O', 0, 7, 8) 
('O', 0, 1, 1) ('S', 3, 3, 11) ('L', 0, 2, 12) ('J', 2, 7, 6) ('C', 0, 0, 11) ('T', 0, 3, 7) ('L', 5, 0, 7) ('S', 0, 7, 11) ('C', 0, 4, 2) ('S', 1, 6, 4) ('J', 3, 2, 5) ('B', 1, 3, 9) ('I', 0, 0, 0) ('T', 1, 0, 3) ('O', 0, 7, 8) ('C', 3, 4, 13) 
('O', 0, 1, 1) ('S', 3, 3, 11) ('L', 0, 2, 12) ('J', 2, 7, 6) ('C', 0, 0, 11) ('T', 0, 3, 7) ('L', 0, 0, 7) ('S', 0, 7, 11) ('C', 0, 4, 2) ('S', 1, 6, 4) ('J', 3, 2, 5) ('B', 1, 3, 9) ('I', 0, 0, 0) ('T', 1, 0, 3) ('O', 0, 7, 8) ('C', 3, 4, 13) 
('O', 0, 1, 1) ('S', 3, 3, 11) ('L', 0, 2, 12) ('J', 2, 7, 6) ('C', 0, 0, 11) ('T', 0, 3, 7) ('L', 0, 0, 7) ('S', 0, 7, 11) ('C', 3, 4, 2) ('S', 1, 6, 4) ('J', 3, 2, 5) ('B', 1, 3, 9) ('I', 0, 0, 0) ('T', 1, 0, 3) ('O', 0, 7, 8) ('C', 3, 4, 13) 
('O', 0, 1, 1) ('S', 3, 3, 11) ('L', 0, 2, 12) ('J', 2, 7, 6) ('C', 0, 0, 11) ('T', 0, 3, 7) ('L', 0, 0, 7) ('S', 0, 7, 11) ('C', 3, 4, 2) ('S', 1, 6, 4) ('J', 3, 2, 5) ('B', 1, 3, 9) ('I', 0, 0, 0) ('T', 1, 0, 3) ('O', 0, 7, 8) ('C', 3, 4, 13) ('B', 1, 8, 0) 
('O', 0, 1, 1) ('S', 3, 3, 11) ('L', 0, 2, 12) ('J', 2, 7, 6) ('C', 0, 0, 11) ('T', 0, 3, 7) ('L', 0, 0, 7) ('S', 0, 7, 11) ('C', 3, 4, 2) ('S', 1, 6, 4) ('J', 3, 2, 5) ('B', 1, 3, 9) ('I', 0, 0, 0) ('T', 1, 0, 3) ('O', 0, 7, 8) ('C', 3, 4, 13) ('B', 1, 8, 0) ('J', 0, 4, 5) 
('O', 0, 1, 1) ('S', 3, 3, 11) ('L', 0, 2, 12) ('J', 2, 7, 6) ('C', 0, 0, 11) ('T', 0, 3, 7) ('L', 0, 0, 7) ('S', 0, 7, 11) ('C', 3, 4, 2) ('S', 1, 6, 4) ('J', 3, 2, 5) ('B', 1, 3, 9) ('I', 0, 0, 0) ('T', 1, 0, 3) ('O', 0, 8, 9) ('C', 3, 4, 13) ('B', 1, 8, 0) ('J', 0, 4, 5) 
('O', 0, 1, 1) ('S', 3, 3, 11) ('L', 0, 2, 12) ('J', 2, 7, 6) ('C', 0, 0, 11) ('T', 0, 3, 7) ('L', 0, 0, 7) ('S', 0, 7, 11) ('C', 3, 4, 2) ('S', 1, 6, 4) ('J', 3, 2, 5) ('B', 1, 3, 9) ('I', 0, 0, 0) ('T', 1, 0, 3) ('O', 0, 8, 9) ('C', 3, 4, 13) ('B', 1, 8, 0) ('J', 0, 4, 5) ('B', 1, 5, 9) 
('O', 0, 1, 1) ('S', 3, 3, 11) ('L', 0, 2, 12) ('J', 2, 7, 6) ('C', 0, 0, 11) ('T', 0, 3, 7) ('L', 0, 0, 7) ('S', 0, 7, 11) ('C', 3, 4, 2) ('S', 1, 6, 4) ('J', 3, 2, 5) ('B', 1, 3, 9) ('I', 0, 0, 0) ('T', 1, 0, 3) ('O', 0, 8, 9) ('C', 3, 4, 13) ('B', 1, 8, 0) ('J', 0, 4, 5) ('B', 1, 5, 9) ('I', 1, 9, 11) 
('O', 0, 1, 1) ('S', 3, 3, 11) ('L', 0, 2, 12) ('J', 2, 7, 6) ('C', 0, 0, 11) ('T', 0, 3, 7) ('L', 0, 0, 7) ('S', 0, 7, 11) ('C', 3, 4, 2) ('S', 1, 6, 4) ('J', 3, 2, 5) ('B', 1, 3, 9) ('I', 0, 0, 0) ('T', 1, 0, 3) ('O', 0, 8, 9) ('C', 3, 4, 13) ('B', 0, 8, 0) ('J', 0, 4, 5) ('B', 1, 5, 9) ('I', 1, 9, 11) 
('O', 0, 1, 1) ('S', 3, 3, 11) ('L', 0, 2, 12) ('J', 2, 8, 7) ('C', 0, 0, 11) ('T', 0, 3, 7) ('L', 0, 0, 7) ('S', 0, 7, 11) ('C', 3, 4, 2) ('S', 1, 6, 4) ('J', 3, 2, 5) ('B', 1, 3, 9) ('I', 0, 0, 0) ('T', 1, 0, 3) ('O', 0, 8, 9) ('C', 3, 4, 13) ('B', 0, 8, 0) ('J', 0, 4, 5) ('B', 1, 5, 9) ('I', 1, 9, 11) 
('O', 0, 1, 1) ('S', 3, 3, 11) ('L', 0, 2, 12) ('J', 2, 8, 7) ('C', 0, 0, 11) ('T', 0, 3, 7) ('L', 0, 0, 7) ('S', 0, 7, 11) ('C', 3, 4, 2) ('S', 1, 6, 4) ('J', 3, 3, 4) ('B', 1, 3, 9) ('I', 0, 0, 0) ('T', 1, 0, 3) ('O', 0, 8, 9) ('C', 3, 4, 13) ('B', 0, 8, 0) ('J', 0, 4, 5) ('B', 1, 5, 9) ('I', 1, 9, 11) 
('O', 0, 1, 1) ('S', 3, 3, 11) ('L', 0, 2, 12) ('J', 2, 8, 7) ('C', 0, 0, 11) ('T', 0, 3, 7) ('L', 0, 0, 7) ('S', 0, 7, 11) ('C', 3, 4, 2) ('S', 1, 6, 4) ('J', 3, 3, 4) ('B', 1, 3, 9) ('I', 0, 0, 0) ('T', 1, 0, 3) ('O', 0, 8, 9) ('C', 3, 4, 13) ('B', 0, 8, 0) ('J', 0, 4, 5) ('B', 1, 5, 9) ('I', 1, 9, 11) ('J', 1, 7, 1) 
('O', 0, 1, 1) ('S', 3, 3, 11) ('L', 0, 2, 12) ('J', 2, 8, 7) ('C', 0, 0, 11) ('T', 0, 3, 7) ('L', 0, 0, 7) ('S', 0, 7, 11) ('C', 3, 4, 2) ('S', 1, 6, 4) ('J', 3, 3, 4) ('B', 1, 3, 9) ('I', 0, 0, 0) ('T', 2, 0, 3) ('O', 0, 8, 9) ('C', 3, 4, 13) ('B', 0, 8, 0) ('J', 0, 4, 5) ('B', 1, 5, 9) ('I', 1, 9, 11) ('J', 1, 7, 1) 
('O', 0, 1, 1) ('S', 3, 3, 11) ('L', 0, 2, 12) ('J', 1, 8, 7) ('C', 0, 0, 11) ('T', 0, 3, 7) ('L', 0, 0, 7) ('S', 0, 7, 11) ('C', 3, 4, 2) ('S', 1, 6, 4) ('J', 3, 3, 4) ('B', 1, 3, 9) ('I', 0, 0, 0) ('T', 2, 0, 3) ('O', 0, 8, 9) ('C', 3, 4, 13) ('B', 0, 8, 0) ('J', 0, 4, 5) ('B', 1, 5, 9) ('I', 1, 9, 11) ('J', 1, 7, 1) 
('O', 0, 1, 1) ('S', 3, 3, 11) ('L', 0, 2, 12) ('J', 1, 8, 7) ('C', 0, 0, 11) ('T', 0, 3, 7) ('L', 0, 0, 7) ('S', 0, 7, 11) ('C', 3, 4, 2) ('S', 1, 6, 4) ('J', 3, 3, 4) ('B', 1, 3, 9) ('I', 0, 0, 0) ('T', 2, 0, 3) ('O', 0, 8, 9) ('C', 3, 4, 13) ('B', 0, 8, 0) ('J', 0, 4, 5) ('B', 1, 5, 10) ('I', 1, 9, 11) ('J', 1, 7, 1) 
('O', 0, 1, 1) ('S', 3, 3, 11) ('L', 0, 2, 12) ('J', 1, 8, 7) ('C', 0, 0, 11) ('T', 0, 3, 7) ('L', 0, 0, 7) ('S', 0, 7, 11) ('C', 3, 3, 1) ('S', 1, 6, 4) ('J', 3, 3, 4) ('B', 1, 3, 9) ('I', 0, 0, 0) ('T', 2, 0, 3) ('O', 0, 8, 9) ('C', 3, 4, 13) ('B', 0, 8, 0) ('J', 0, 4, 5) ('B', 1, 5, 10) ('I', 1, 9, 11) ('J', 1, 7, 1) 
('O', 0, 1, 1) ('S', 3, 3, 11) ('L', 0, 2, 12) ('J', 1, 8, 7) ('C', 0, 0, 11) ('T', 0, 3, 7) ('L', 0, 0, 7) ('S', 0, 7, 11) ('C', 3, 3, 1) ('S', 1, 6, 4) ('J', 3, 3, 4) ('B', 1, 3, 9) ('I', 0, 0, 0) ('T', 2, 0, 3) ('O', 0, 8, 9) ('C', 3, 4, 13) ('B', 0, 8, 0) ('J', 0, 4, 5) ('B', 1, 5, 10) ('I', 1, 9, 11) ('J', 1, 7, 1) ('I', 0, 4, 0) 
('O', 0, 1, 1) ('S', 3, 3, 11) ('L', 0, 2, 12) ('J', 1, 8, 7) ('C', 0, 0, 11) ('T', 0, 3, 7) ('L', 0, 0, 7) ('S', 0, 7, 11) ('C', 3, 3, 1) ('S', 1, 6, 4) ('J', 3, 3, 4) ('B', 1, 3, 9) ('I', 0, 0, 0) ('T', 2, 0, 3) ('O', 0, 8, 9) ('C', 3, 4, 13) ('B', 0, 8, 0) ('J', 0, 4, 5) ('B', 1, 5, 10) ('I', 1, 9, 11) ('J', 1, 7, 1) ('I', 0, 4, 0) ('O', 0, 6, 9) 
('O', 0, 1, 1) ('S', 3, 3, 11) ('L', 0, 2, 12) ('J', 1, 8, 7) ('C', 0, 0, 11) ('T', 0, 3, 7) ('L', 0, 0, 7) ('S', 0, 7, 11) ('C', 3, 3, 1) ('S', 1, 6, 4) ('J', 3, 3, 4) ('B', 1, 3, 9) ('I', 0, 0, 0) ('T', 2, 0, 3) ('O', 0, 8, 9) ('C', 3, 4, 13) ('B', 0, 8, 0) ('J', 0, 4, 5) ('B', 1, 5, 10) ('I', 1, 9, 11) ('J', 3, 7, 1) ('I', 0, 4, 0) ('O', 0, 6, 9) 
('O', 0, 1, 1) ('S', 3, 3, 11) ('L', 0, 2, 12) ('J', 1, 8, 7) ('C', 0, 0, 11) ('T', 1, 3, 7) ('L', 0, 0, 7) ('S', 0, 7, 11) ('C', 3, 3, 1) ('S', 1, 6, 4) ('J', 3, 3, 4) ('B', 1, 3, 9) ('I', 0, 0, 0) ('T', 2, 0, 3) ('O', 0, 8, 9) ('C', 3, 4, 13) ('B', 0, 8, 0) ('J', 0, 4, 5) ('B', 1, 5, 10) ('I', 1, 9, 11) ('J', 3, 7, 1) ('I', 0, 4, 0) ('O', 0, 6, 9) 
('O', 0, 1, 1) ('S', 3, 3, 11) ('L', 0, 2, 12) ('J', 1, 8, 7) ('C', 0, 0, 11) ('T', 1, 3, 7) ('L', 0, 0, 7) ('S', 0, 7, 11) ('C', 3, 3, 1) ('S', 1, 6, 4) ('J', 3, 3, 4) ('B', 1, 3, 9) ('I', 0, 0, 0) ('T', 2, 0, 3) ('O', 0, 8, 9) ('C', 3, 4, 13) ('B', 0, 8, 0) ('J', 0, 4, 5) ('B', 1, 5, 10) ('I', 1, 9, 11) ('J', 3, 7, 1) ('I', 0, 4, 0) ('O', 0, 6, 9) ('B', 1, 6, 3) 
('O', 0, 1, 1) ('S', 3, 3, 11) ('L', 0, 2, 12) ('J', 1, 8, 7) ('C', 2, 0, 11) ('T', 1, 3, 7) ('L', 0, 0, 7) ('S', 0, 7, 11) ('C', 3, 3, 1) ('S', 1, 6, 4) ('J', 3, 3, 4) ('B', 1, 3, 9) ('I', 0, 0, 0) ('T', 2, 0, 3) ('O', 0, 8, 9) ('C', 3, 4, 13) ('B', 0, 8, 0) ('J', 0, 4, 5) ('B', 1, 5, 10) ('I', 1, 9, 11) ('J', 3, 7, 1) ('I', 0, 4, 0) ('O', 0, 6, 9) ('B', 1, 6, 3) ('B', 1, 2, 7) 
('O', 0, 1, 1) ('S', 3, 3, 11) ('L', 0, 2, 12) ('J', 1, 8, 7) ('C', 2, 0, 11) ('T', 1, 3, 7) ('L', 0, 0, 7) ('S', 0, 7, 11) ('C', 3, 3, 1) ('S', 1, 7, 3) ('J', 3, 3, 4) ('B', 1, 3, 9) ('I', 0, 0, 0) ('T', 2, 0, 3) ('O', 0, 8, 9) ('C', 3, 4, 13) ('B', 0, 8, 0) ('J', 0, 4, 5) ('B', 1, 5, 10) ('I', 1, 9, 11) ('J', 3, 7, 1) ('I', 0, 4, 0) ('O', 0, 6, 9) ('B', 1, 6, 3) ('B', 1, 2, 7) 
('O', 0, 1, 1) ('S', 3, 3, 11) ('L', 0, 2, 12) ('J', 1, 8, 7) ('C', 2, 0, 11) ('T', 1, 3, 7) ('L', 0, 0, 7) ('S', 0, 7, 11) ('C', 3, 3, 1) ('S', 1, 7, 3) ('J', 3, 3, 4) ('B', 1, 3, 9) ('I', 0, 0, 0) ('T', 2, 0, 3) ('O', 0, 8, 9) ('C', 3, 4, 13) ('B', 0, 8, 0) ('J', 0, 4, 5) ('B', 1, 5, 10) ('I', 1, 9, 11) ('J', 2, 7, 1) ('I', 0, 4, 0) ('O', 0, 6, 9) ('B', 1, 6, 3) ('B', 1, 2, 7) 
('O', 0, 1, 1) ('S', 3, 3, 11) ('L', 0, 2, 12) ('J', 1, 8, 7) ('C', 2, 0, 11) ('T', 1, 3, 7) ('L', 0, 0, 7) ('S', 0, 7, 11) ('C', 3, 3, 1) ('S', 1, 7, 3) ('J', 3, 3, 4) ('B', 1, 3, 9) ('I', 0, 0, 0) ('T', 2, 0, 3) ('O', 0, 8, 9) ('C', 3, 4, 13) ('B', 0, 8, 0) ('J', 0, 4, 5) ('B', 1, 5, 10) ('I', 1, 9, 11) ('J', 2, 7, 1) ('I', 0, 4, 0) ('O', 0, 6, 9) ('B', 1, 6, 3) ('B', 1, 2, 7) ('C', 0, 6, 6) 
('O', 0, 1, 1) ('S', 3, 3, 11) ('L', 0, 2, 12) ('J', 1, 8, 7) ('C', 2, 0, 11) ('T', 1, 3, 7) ('L', 0, 0, 7) ('S', 0, 7, 11) ('C', 3, 3, 1) ('S', 1, 7, 3) ('J', 3, 3, 4) ('B', 1, 3, 9) ('I', 0, 0, 0) ('T', 2, 0, 3) ('O', 0, 8, 9) ('C', 3, 4, 13) ('B', 0, 8, 0) ('J', 0, 4, 5) ('B', 1, 5, 10) ('I', 1, 9, 11) ('J', 2, 7, 1) ('I', 0, 4, 0) ('O', 0, 6, 9) ('B', 1, 6, 3) ('B', 1, 2, 7) ('C', 2, 6, 6) 
('O', 0, 1, 1) ('S', 3, 3, 11) ('L', 0, 2, 12) ('J', 1, 8, 7) ('C', 2, 0, 11) ('T', 1, 3, 7) ('L', 0, 0, 7) ('S', 0, 7, 11) ('C', 3, 4, 1) ('S', 1, 7, 3) ('J', 3, 3, 4) ('B', 1, 3, 9) ('I', 0, 0, 0) ('T', 2, 0, 3) ('O', 0, 8, 9) ('C', 3, 4, 13) ('B', 0, 8, 0) ('J', 0, 4, 5) ('B', 1, 5, 10) ('I', 1, 9, 11) ('J', 2, 7, 1) ('I', 0, 4, 0) ('O', 0, 6, 9) ('B', 1, 6, 3) ('B', 1, 2, 7) ('C', 2, 6, 6) 
('O', 0, 1, 1) ('S', 3, 3, 11) ('L', 0, 2, 12) ('J', 1, 8, 7) ('C', 2, 0, 11) ('T', 1, 3, 7) ('L', 0, 0, 7) ('S', 0, 7, 11) ('C', 3, 4, 1) ('S', 1, 7, 3) ('J', 3, 3, 4) ('B', 1, 3, 9) ('I', 0, 0, 0) ('T', 2, 0, 3) ('O', 0, 8, 9) ('C', 3, 4, 13) ('B', 0, 8, 0) ('J', 3, 4, 5) ('B', 1, 5, 10) ('I', 1, 9, 11) ('J', 2, 7, 1) ('I', 0, 4, 0) ('O', 0, 6, 9) ('B', 1, 6, 3) ('B', 1, 2, 7) ('C', 2, 6, 6) 
('O', 0, 1, 1) ('S', 3, 3, 11) ('L', 0, 2, 12) ('J', 1, 8, 7) ('C', 2, 0, 11) ('T', 1, 3, 7) ('L', 0, 0, 7) ('S', 0, 7, 11) ('C', 3, 4, 1) ('S', 1, 7, 3) ('J', 3, 3, 4) ('B', 1, 2, 9) ('I', 0, 0, 0) ('T', 2, 0, 3) ('O', 0, 8, 9) ('C', 3, 4, 13) ('B', 0, 8, 0) ('J', 3, 4, 5) ('B', 1, 5, 10) ('I', 1, 9, 11) ('J', 2, 7, 1) ('I', 0, 4, 0) ('O', 0, 6, 9) ('B', 1, 6, 3) ('B', 1, 2, 7) ('C', 2, 6, 6) 
('O', 0, 1, 1) ('S', 3, 3, 11) ('L', 0, 2, 12) ('J', 1, 8, 7) ('C', 0, 0, 11) ('T', 1, 3, 7) ('L', 0, 0, 7) ('S', 0, 7, 11) ('C', 3, 4, 1) ('S', 1, 7, 3) ('J', 3, 3, 4) ('B', 1, 2, 9) ('I', 0, 0, 0) ('T', 2, 0, 3) ('O', 0, 8, 9) ('C', 3, 4, 13) ('B', 0, 8, 0) ('J', 3, 4, 5) ('B', 1, 5, 10) ('I', 1, 9, 11) ('J', 2, 7, 1) ('I', 0, 4, 0) ('O', 0, 6, 9) ('B', 1, 6, 3) ('B', 1, 2, 7) ('C', 2, 6, 6) 
('O', 0, 1, 1) ('S', 3, 3, 11) ('L', 0, 2, 12) ('J', 1, 8, 7) ('C', 0, 0, 11) ('T', 1, 3, 7) ('L', 0, 0, 7) ('S', 0, 7, 11) ('C', 3, 4, 1) ('S', 1, 7, 3) ('J', 3, 3, 4) ('B', 1, 2, 9) ('I', 0, 0, 0) ('T', 2, 0, 3) ('O', 0, 8, 9) ('C', 3, 4, 13) ('B', 0, 8, 0) ('J', 3, 4, 5) ('B', 1, 5, 10) ('I', 1, 9, 11) ('J', 2, 7, 1) ('I', 0, 4, 0) ('O', 0, 6, 9) ('B', 1, 6, 3) ('B', 1, 1, 7) ('C', 2, 6, 6) 
('O', 0, 1, 1) ('S', 3, 3, 11) ('L', 0, 2, 12) ('J', 1, 8, 7) ('C', 0, 0, 11) ('T', 1, 3, 7) ('L', 0, 0, 7) ('S', 0, 7, 11) ('C', 3, 4, 1) ('S', 1, 7, 3) ('J', 3, 3, 4) ('B', 1, 2, 9) ('I', 0, 0, 0) ('T', 2, 0, 3) ('O', 0, 8, 9) ('C', 3, 4, 13) ('B', 0, 8, 0) ('J', 3, 4, 5) ('B', 1, 5, 10) ('I', 1, 9, 11) ('J', 2, 7, 1) ('I', 0, 4, 0) ('O', 0, 6, 9) ('B', 1, 6, 3) ('B', 1, 1, 7) ('C', 1, 6, 6) 
('O', 0, 1, 1) ('S', 3, 3, 11) ('L', 0, 2, 12) ('J', 1, 8, 7) ('C', 0, 0, 11) ('T', 1, 3, 7) ('L', 0, 0, 7) ('S', 0, 7, 11) ('C', 3, 4, 1) ('S', 1, 7, 3) ('J', 3, 3, 4) ('B', 1, 2, 9) ('I', 0, 0, 0) ('T', 2, 0, 3) ('O', 0, 8, 9) ('C', 1, 4, 13) ('B', 0, 8, 0) ('J', 3, 4, 5) ('B', 1, 5, 10) ('I', 1, 9, 11) ('J', 2, 7, 1) ('I', 0, 4, 0) ('O', 0, 6, 9) ('B', 1, 6, 3) ('B', 1, 1, 7) ('C', 1, 6, 6) 
('O', 0, 1, 1) ('S', 3, 3, 11) ('L', 0, 2, 12) ('J', 1, 8, 7) ('C', 0, 0, 11) ('T', 1, 3, 7) ('L', 0, 0, 7) ('S', 0, 7, 11) ('C', 3, 4, 1) ('S', 1, 7, 3) ('J', 3, 3, 4) ('B', 1, 2, 9) ('I', 0, 0, 0) ('T', 2, 0, 3) ('O', 0, 8, 9) ('C', 1, 4, 13) ('B', 0, 8, 0) ('J', 3, 4, 5) ('B', 1, 5, 10) ('I', 1, 9, 11) ('J', 2, 7, 1) ('I', 0, 4, 0) ('O', 0, 6, 9) ('B', 0, 6, 3) ('B', 1, 1, 7) ('C', 1, 6, 6) 
('O', 0, 0, 1) ('S', 3, 3, 11) ('L', 0, 2, 12) ('J', 1, 8, 7) ('C', 0, 0, 11) ('T', 1, 3, 7) ('L', 0, 0, 7) ('S', 0, 7, 11) ('C', 3, 4, 1) ('S', 1, 7, 3) ('J', 3, 3, 4) ('B', 1, 2, 9) ('I', 0, 0, 0) ('T', 2, 0, 3) ('O', 0, 8, 9) ('C', 1, 4, 13) ('B', 0, 8, 0) ('J', 3, 4, 5) ('B', 1, 5, 10) ('I', 1, 9, 11) ('J', 2, 7, 1) ('I', 0, 4, 0) ('O', 0, 6, 9) ('B', 0, 6, 3) ('B', 1, 1, 7) ('C', 1, 6, 6) 
('O', 0, 0, 1) ('S', 3, 3, 11) ('L', 0, 2, 12) ('J', 1, 8, 7) ('C', 0, 0, 11) ('T', 1, 3, 7) ('L', 0, 0, 7) ('S', 0, 7, 11) ('C', 3, 4, 1) ('S', 1, 7, 3) ('J', 3, 3, 4) ('B', 1, 2, 10) ('I', 0, 0, 0) ('T', 2, 0, 3) ('O', 0, 8, 9) ('C', 1, 4, 13) ('B', 0, 8, 0) ('J', 3, 4, 5) ('B', 1, 5, 10) ('I', 1, 9, 11) ('J', 2, 7, 1) ('I', 0, 4, 0) ('O', 0, 6, 9) ('B', 0, 6, 3) ('B', 1, 1, 7) ('C', 1, 6, 6) 
('O', 0, 0, 1) ('S', 3, 3, 11) ('L', 0, 2, 12) ('J', 1, 8, 7) ('C', 0, 0, 12) ('T', 1, 3, 7) ('L', 0, 0, 7) ('S', 0, 7, 11) ('C', 3, 4, 1) ('S', 1, 7, 3) ('J', 3, 3, 4) ('B', 1, 2, 10) ('I', 0, 0, 0) ('T', 2, 0, 3) ('O', 0, 8, 9) ('C', 1, 4, 13) ('B', 0, 8, 0) ('J', 3, 4, 5) ('B', 1, 5, 10) ('I', 1, 9, 11) ('J', 2, 7, 1) ('I', 0, 4, 0) ('O', 0, 6, 9) ('B', 0, 6, 3) ('B', 1, 1, 7) ('C', 1, 6, 6) 
('O', 0, 0, 1) ('S', 3, 3, 11) ('L', 0, 2, 12) ('J', 1, 8, 7) ('C', 0, 0, 12) ('T', 1, 3, 7) ('L', 0, 0, 7) ('S', 0, 7, 11) ('C', 3, 4, 1) ('S', 1, 7, 3) ('J', 3, 3, 4) ('B', 1, 2, 10) ('I', 0, 0, 0) ('T', 2, 0, 3) ('O', 0, 8, 9) ('C', 1, 4, 13) ('B', 0, 8, 0) ('J', 3, 4, 5) ('B', 1, 5, 10) ('I', 1, 9, 11) ('J', 2, 7, 1) ('I', 0, 4, 0) ('O', 0, 6, 9) ('B', 0, 6, 3) ('B', 1, 1, 7) ('C', 1, 6, 6) ('O', 0, 1, 5) 
('O', 0, 0, 1) ('S', 3, 3, 11) ('L', 0, 2, 12) ('J', 1, 8, 7) ('C', 0, 0, 12) ('T', 1, 3, 7) ('L', 0, 0, 7) ('S', 0, 7, 12) ('C', 3, 4, 1) ('S', 1, 7, 3) ('J', 3, 3, 4) ('B', 1, 2, 10) ('I', 0, 0, 0) ('T', 2, 0, 3) ('O', 0, 8, 9) ('C', 1, 4, 13) ('B', 0, 8, 0) ('J', 3, 4, 5) ('B', 1, 5, 10) ('I', 1, 9, 11) ('J', 2, 7, 1) ('I', 0, 4, 0) ('O', 0, 6, 9) ('B', 0, 6, 3) ('B', 1, 1, 7) ('C', 1, 6, 6) ('O', 0, 1, 5) 
('O', 0, 0, 1) ('S', 3, 3, 11) ('L', 0, 2, 12) ('J', 1, 8, 7) ('C', 0, 0, 12) ('T', 1, 2, 6) ('L', 0, 0, 7) ('S', 0, 7, 12) ('C', 3, 4, 1) ('S', 1, 7, 3) ('J', 3, 3, 4) ('B', 1, 2, 10) ('I', 0, 0, 0) ('T', 2, 0, 3) ('O', 0, 8, 9) ('C', 1, 4, 13) ('B', 0, 8, 0) ('J', 3, 4, 5) ('B', 1, 5, 10) ('I', 1, 9, 11) ('J', 2, 7, 1) ('I', 0, 4, 0) ('O', 0, 6, 9) ('B', 0, 6, 3) ('B', 1, 1, 7) ('C', 1, 6, 6) ('O', 0, 1, 5) 
('O', 0, 0, 1) ('S', 3, 3, 11) ('L', 0, 2, 12) ('J', 1, 8, 7) ('C', 0, 0, 12) ('T', 1, 2, 6) ('L', 0, 0, 7) ('S', 0, 7, 12) ('C', 3, 4, 1) ('S', 1, 7, 3) ('J', 3, 3, 4) ('B', 1, 2, 10) ('I', 0, 0, 0) ('T', 2, 0, 3) ('O', 0, 8, 9) ('C', 1, 4, 13) ('B', 0, 8, 0) ('J', 3, 4, 5) ('B', 1, 5, 10) ('I', 1, 9, 11) ('J', 2, 7, 1) ('I', 0, 4, 0) ('O', 0, 6, 9) ('B', 0, 6, 3) ('B', 1, 1, 7) ('C', 1, 6, 6) ('O', 0, 1, 5) ('I', 0, 2, 9) 
('O', 0, 0, 1) ('S', 3, 3, 11) ('L', 0, 2, 12) ('J', 1, 8, 7) ('C', 0, 0, 12) ('T', 1, 2, 6) ('L', 0, 0, 7) ('S', 0, 7, 12) ('C', 3, 4, 1) ('S', 1, 7, 3) ('J', 3, 3, 3) ('B', 1, 2, 10) ('I', 0, 0, 0) ('T', 2, 0, 3) ('O', 0, 8, 9) ('C', 1, 4, 13) ('B', 0, 8, 0) ('J', 3, 4, 5) ('B', 1, 5, 10) ('I', 1, 9, 11) ('J', 2, 7, 1) ('I', 0, 4, 0) ('O', 0, 6, 9) ('B', 0, 6, 3) ('B', 1, 1, 7) ('C', 1, 6, 6) ('O', 0, 1, 5) ('I', 0, 2, 9) 
('O', 0, 0, 1) ('S', 3, 3, 11) ('L', 0, 2, 12) ('J', 1, 8, 7) ('C', 0, 0, 12) ('T', 1, 2, 6) ('L', 0, 0, 7) ('S', 0, 7, 12) ('C', 3, 4, 1) ('S', 1, 7, 3) ('J', 3, 3, 3) ('B', 1, 2, 10) ('I', 0, 0, 0) ('T', 2, 0, 3) ('O', 0, 8, 9) ('C', 1, 4, 13) ('B', 0, 8, 0) ('J', 3, 4, 5) ('B', 1, 5, 10) ('I', 1, 9, 11) ('J', 2, 7, 1) ('I', 0, 4, 0) ('O', 0, 6, 9) ('B', 0, 6, 3) ('B', 1, 1, 7) ('C', 3, 6, 6) ('O', 0, 1, 5) ('I', 0, 2, 9) 
('O', 0, 0, 1) ('S', 3, 3, 11) ('L', 0, 2, 12) ('J', 1, 8, 7) ('C', 0, 0, 12) ('T', 1, 2, 6) ('L', 0, 0, 7) ('S', 0, 7, 12) ('C', 3, 4, 1) ('S', 1, 7, 3) ('J', 3, 3, 3) ('B', 1, 2, 10) ('I', 0, 0, 0) ('T', 2, 0, 3) ('O', 0, 8, 9) ('C', 1, 4, 13) ('B', 0, 8, 0) ('J', 3, 4, 5) ('B', 1, 5, 10) ('I', 1, 9, 11) ('J', 2, 7, 1) ('I', 0, 4, 0) ('O', 0, 6, 9) ('B', 0, 6, 3) ('B', 1, 1, 7) ('C', 3, 6, 6) ('O', 0, 1, 5) ('I', 0, 2, 9) ('J', 2, 2, 1) 
('O', 0, 0, 1) ('S', 3, 3, 11) ('L', 0, 2, 12) ('J', 1, 8, 7) ('C', 0, 0, 12) ('T', 1, 2, 6) ('L', 0, 0, 7) ('S', 0, 7, 12) ('C', 3, 4, 1) ('S', 1, 7, 3) ('J', 3, 3, 3) ('B', 1, 2, 10) ('I', 0, 0, 0) ('T', 2, 0, 3) ('O', 0, 8, 9) ('C', 1, 4, 13) ('B', 0, 8, 0) ('J', 3, 4, 5) ('B', 1, 5, 10) ('I', 1, 9, 11) ('J', 2, 7, 1) ('I', 0, 4, 0) ('O', 0, 6, 9) ('B', 0, 6, 3) ('B', 1, 1, 7) ('C', 3, 6, 6) ('O', 0, 0, 5) ('I', 0, 2, 9) ('J', 2, 2, 1) 
('O', 0, 0, 1) ('S', 3, 3, 11) ('L', 0, 2, 12) ('J', 1, 8, 7) ('C', 0, 0, 12) ('T', 1, 2, 5) ('L', 0, 0, 7) ('S', 0, 7, 12) ('C', 3, 4, 1) ('S', 1, 7, 3) ('J', 3, 3, 3) ('B', 1, 2, 10) ('I', 0, 0, 0) ('T', 2, 0, 3) ('O', 0, 8, 9) ('C', 1, 4, 13) ('B', 0, 8, 0) ('J', 3, 4, 5) ('B', 1, 5, 10) ('I', 1, 9, 11) ('J', 2, 7, 1) ('I', 0, 4, 0) ('O', 0, 6, 9) ('B', 0, 6, 3) ('B', 1, 1, 7) ('C', 3, 6, 6) ('O', 0, 0, 5) ('I', 0, 2, 9) ('J', 2, 2, 1) 
('O', 0, 0, 1) ('S', 3, 3, 11) ('L', 0, 2, 12) ('J', 1, 8, 7) ('C', 0, 0, 12) ('T', 3, 2, 5) ('L', 0, 0, 7) ('S', 0, 7, 12) ('C', 3, 4, 1) ('S', 1, 7, 3) ('J', 3, 3, 3) ('B', 1, 2, 10) ('I', 0, 0, 0) ('T', 2, 0, 3) ('O', 0, 8, 9) ('C', 1, 4, 13) ('B', 0, 8, 0) ('J', 3, 4, 5) ('B', 1, 5, 10) ('I', 1, 9, 11) ('J', 2, 7, 1) ('I', 0, 4, 0) ('O', 0, 6, 9) ('B', 0, 6, 3) ('B', 1, 1, 7) ('C', 3, 6, 6) ('O', 0, 0, 5) ('I', 0, 2, 9) ('J', 2, 2, 1) 
('O', 0, 0, 1) ('S', 3, 3, 11) ('L', 0, 2, 12) ('J', 1, 8, 7) ('C', 0, 0, 12) ('T', 3, 2, 5) ('L', 0, 0, 7) ('S', 0, 7, 12) ('C', 3, 4, 1) ('S', 1, 7, 3) ('J', 3, 3, 3) ('B', 1, 2, 10) ('I', 0, 0, 0) ('T', 2, 0, 3) ('O', 0, 8, 9) ('C', 1, 4, 13) ('B', 0, 8, 0) ('J', 3, 4, 5) ('B', 1, 6, 11) ('I', 1, 9, 11) ('J', 2, 7, 1) ('I', 0, 4, 0) ('O', 0, 6, 9) ('B', 0, 6, 3) ('B', 1, 1, 7) ('C', 3, 6, 6) ('O', 0, 0, 5) ('I', 0, 2, 9) ('J', 2, 2, 1) 
('O', 0, 0, 1) ('S', 3, 3, 11) ('L', 0, 2, 12) ('J', 1, 8, 7) ('C', 0, 0, 12) ('T', 3, 2, 5) ('L', 0, 0, 7) ('S', 0, 7, 12) ('C', 3, 4, 1) ('S', 1, 7, 3) ('J', 3, 3, 3) ('B', 1, 1, 10) ('I', 0, 0, 0) ('T', 2, 0, 3) ('O', 0, 8, 9) ('C', 1, 4, 13) ('B', 0, 8, 0) ('J', 3, 4, 5) ('B', 1, 6, 11) ('I', 1, 9, 11) ('J', 2, 7, 1) ('I', 0, 4, 0) ('O', 0, 6, 9) ('B', 0, 6, 3) ('B', 1, 1, 7) ('C', 3, 6, 6) ('O', 0, 0, 5) ('I', 0, 2, 9) ('J', 2, 2, 1) 
('O', 0, 0, 1) ('S', 3, 3, 11) ('L', 0, 2, 12) ('J', 1, 8, 7) ('C', 0, 0, 12) ('T', 3, 2, 5) ('L', 0, 0, 7) ('S', 0, 7, 12) ('C', 3, 4, 1) ('S', 1, 7, 3) ('J', 3, 3, 3) ('B', 1, 1, 10) ('I', 0, 0, 0) ('T', 2, 0, 3) ('O', 0, 8, 9) ('C', 1, 4, 13) ('B', 0, 8, 0) ('J', 3, 4, 5) ('B', 1, 6, 11) ('I', 1, 9, 11) ('J', 2, 7, 1) ('I', 0, 4, 0) ('O', 0, 6, 9) ('B', 0, 6, 3) ('B', 1, 1, 7) ('C', 3, 7, 5) ('O', 0, 0, 5) ('I', 0, 2, 9) ('J', 2, 2, 1) 
('O', 0, 0, 1) ('S', 3, 3, 11) ('L', 0, 2, 12) ('J', 1, 8, 7) ('C', 0, 0, 12) ('T', 3, 2, 5) ('L', 0, 0, 7) ('S', 0, 7, 12) ('C', 3, 4, 1) ('S', 1, 7, 3) ('J', 3, 3, 3) ('B', 1, 1, 10) ('I', 0, 0, 0) ('T', 2, 0, 3) ('O', 0, 8, 9) ('C', 1, 4, 13) ('B', 0, 8, 0) ('J', 3, 4, 5) ('B', 1, 6, 11) ('I', 1, 9, 11) ('J', 2, 8, 1) ('I', 0, 4, 0) ('O', 0, 6, 9) ('B', 0, 6, 3) ('B', 1, 1, 7) ('C', 3, 7, 5) ('O', 0, 0, 5) ('I', 0, 2, 9) ('J', 2, 2, 1) 
('O', 0, 0, 1) ('S', 3, 3, 11) ('L', 0, 2, 12) ('J', 1, 8, 7) ('C', 0, 0, 12) ('T', 3, 2, 5) ('L', 0, 0, 7) ('S', 0, 7, 12) ('C', 3, 4, 1) ('S', 1, 7, 3) ('J', 3, 3, 3) ('B', 1, 0, 10) ('I', 0, 0, 0) ('T', 2, 0, 3) ('O', 0, 8, 9) ('C', 1, 4, 13) ('B', 0, 8, 0) ('J', 3, 4, 5) ('B', 1, 6, 11) ('I', 1, 9, 11) ('J', 2, 8, 1) ('I', 0, 4, 0) ('O', 0, 6, 9) ('B', 0, 6, 3) ('B', 1, 1, 7) ('C', 3, 7, 5) ('O', 0, 0, 5) ('I', 0, 2, 9) ('J', 2, 2, 1) 
('O', 0, 0, 1) ('S', 3, 3, 11) ('L', 0, 2, 12) ('J', 1, 8, 7) ('C', 0, 0, 12) ('T', 3, 2, 5) ('L', 0, 0, 7) ('S', 0, 7, 12) ('C', 3, 4, 1) ('S', 1, 7, 3) ('J', 3, 3, 3) ('B', 1, 0, 10) ('I', 0, 0, 0) ('T', 2, 0, 3) ('O', 0, 8, 9) ('C', 1, 4, 13) ('B', 0, 8, 0) ('J', 3, 4, 5) ('B', 1, 6, 11) ('I', 1, 9, 11) ('J', 2, 8, 1) ('I', 0, 4, 0) ('O', 0, 6, 9) ('B', 0, 6, 3) ('B', 1, 1, 7) ('C', 3, 7, 5) ('O', 0, 0, 5) ('I', 0, 2, 9) ('J', 2, 2, 1) ('T', 1, 5, 6) 
('O', 0, 0, 1) ('S', 3, 3, 11) ('L', 0, 2, 12) ('J', 1, 8, 7) ('C', 0, 0, 12) ('T', 3, 2, 5) ('L', 0, 0, 7) ('S', 0, 7, 12) ('C', 3, 4, 1) ('S', 1, 7, 3) ('J', 2, 3, 3) ('B', 1, 0, 10) ('I', 0, 0, 0) ('T', 2, 0, 3) ('O', 0, 8, 9) ('C', 1, 4, 13) ('B', 0, 8, 0) ('J', 3, 4, 5) ('B', 1, 6, 11) ('I', 1, 9, 11) ('J', 2, 8, 1) ('I', 0, 4, 0) ('O', 0, 6, 9) ('B', 0, 6, 3) ('B', 1, 1, 7) ('C', 3, 7, 5) ('O', 0, 0, 5) ('I', 0, 2, 9) ('J', 2, 2, 1) ('T', 1, 5, 6) 
('O', 0, 0, 1) ('S', 3, 3, 11) ('L', 0, 2, 12) ('J', 1, 8, 7) ('C', 0, 0, 12) ('T', 3, 2, 5) ('L', 0, 0, 7) ('S', 0, 7, 12) ('C', 3, 4, 1) ('S', 1, 7, 3) ('J', 2, 3, 3) ('B', 1, 0, 10) ('I', 0, 0, 0) ('T', 2, 0, 3) ('O', 0, 8, 9) ('C', 1, 4, 13) ('B', 0, 8, 0) ('J', 3, 4, 5) ('B', 1, 6, 11) ('I', 1, 9, 11) ('J', 2, 8, 1) ('I', 0, 4, 0) ('O', 0, 6, 9) ('B', 0, 7, 2) ('B', 1, 1, 7) ('C', 3, 7, 5) ('O', 0, 0, 5) ('I', 0, 2, 9) ('J', 2, 2, 1) ('T', 1, 5, 6) 
('O', 0, 0, 1) ('S', 3, 3, 11) ('L', 0, 2, 12) ('J', 1, 8, 7) ('C', 0, 0, 12) ('T', 3, 2, 5) ('L', 0, 0, 7) ('S', 0, 7, 12) ('C', 3, 4, 1) ('S', 1, 7, 3) ('J', 2, 3, 3) ('B', 1, 0, 10) ('I', 0, 0, 0) ('T', 2, 0, 3) ('O', 0, 8, 9) ('C', 1, 4, 13) ('B', 0, 8, 0) ('J', 3, 4, 5) ('B', 1, 6, 11) ('I', 1, 9, 11) ('J', 2, 8, 1) ('I', 0, 4, 0) ('O', 0, 6, 9) ('B', 0, 7, 2) ('B', 1, 1, 7) ('C', 3, 7, 5) ('O', 0, 0, 5) ('I', 0, 2, 9) ('J', 2, 2, 1) ('T', 1, 5, 6) ('O', 0, 5, 3) 
('O', 0, 0, 1) ('S', 3, 3, 11) ('L', 0, 2, 12) ('J', 1, 8, 7) ('C', 0, 0, 12) ('T', 3, 2, 5) ('L', 0, 0, 7) ('S', 0, 7, 12) ('C', 3, 4, 1) ('S', 1, 7, 3) ('J', 2, 3, 3) ('B', 1, 0, 10) ('I', 0, 0, 0) ('T', 2, 0, 3) ('O', 0, 8, 9) ('C', 1, 4, 13) ('B', 0, 8, 0) ('J', 3, 4, 5) ('B', 1, 6, 11) ('I', 1, 9, 11) ('J', 2, 8, 1) ('I', 0, 4, 0) ('O', 0, 6, 9) ('B', 0, 7, 2) ('B', 1, 1, 7) ('C', 3, 7, 5) ('O', 0, 0, 5) ('I', 0, 1, 10) ('J', 2, 2, 1) ('T', 1, 5, 6) ('O', 0, 5, 3) 
('O', 0, 0, 1) ('S', 3, 3, 11) ('L', 0, 2, 12) ('J', 1, 8, 7) ('C', 0, 0, 12) ('T', 3, 2, 5) ('L', 0, 0, 7) ('S', 0, 7, 12) ('C', 3, 4, 1) ('S', 1, 7, 3) ('J', 2, 3, 3) ('B', 1, 0, 10) ('I', 0, 0, 0) ('T', 2, 0, 3) ('O', 0, 8, 9) ('C', 1, 4, 13) ('B', 0, 8, 0) ('J', 3, 4, 5) ('B', 1, 6, 11) ('I', 1, 9, 11) ('J', 2, 8, 1) ('I', 0, 4, 0) ('O', 0, 6, 9) ('B', 0, 7, 2) ('B', 1, 1, 7) ('C', 3, 7, 5) ('O', 0, 0, 5) ('I', 0, 1, 10) ('J', 2, 2, 1) ('T', 1, 5, 6) ('O', 0, 5, 3) ('S', 3, 3, 8) 
('O', 0, 0, 1) ('S', 3, 3, 11) ('L', 0, 2, 12) ('J', 1, 8, 7) ('C', 0, 0, 12) ('T', 3, 2, 5) ('L', 0, 0, 7) ('S', 0, 7, 12) ('C', 3, 4, 1) ('S', 1, 7, 3) ('J', 2, 3, 3) ('B', 1, 0, 10) ('I', 0, 0, 0) ('T', 2, 0, 3) ('O', 0, 8, 9) ('C', 1, 4, 13) ('B', 0, 8, 0) ('J', 3, 4, 5) ('B', 1, 6, 11) ('I', 1, 9, 11) ('J', 2, 8, 1) ('I', 0, 4, 0) ('O', 0, 6, 9) ('B', 0, 7, 2) ('B', 1, 1, 7) ('C', 3, 7, 5) ('O', 0, 0, 5) ('I', 0, 1, 10) ('J', 3, 2, 1) ('T', 1, 5, 6) ('O', 0, 5, 3) ('S', 3, 3, 8) 
('O', 0, 0, 1) ('S', 3, 3, 11) ('L', 0, 2, 12) ('J', 1, 8, 7) ('C', 0, 0, 12) ('T', 3, 2, 5) ('L', 0, 0, 7) ('S', 0, 7, 12) ('C', 3, 4, 1) ('S', 1, 7, 3) ('J', 2, 3, 3) ('B', 1, 0, 10) ('I', 0, 0, 0) ('T', 2, 0, 3) ('O', 0, 8, 9) ('C', 1, 4, 13) ('B', 0, 8, 0) ('J', 3, 4, 5) ('B', 1, 6, 11) ('I', 1, 9, 11) ('J', 2, 8, 1) ('I', 0, 4, 0) ('O', 0, 6, 9) ('B', 0, 7, 2) ('B', 1, 1, 7) ('C', 3, 7, 5) ('O', 0, 0, 5) ('I', 0, 1, 10) ('J', 3, 2, 1) ('T', 1, 5, 6) ('O', 0, 5, 3) ('S', 1, 3, 8) 
('O', 0, 0, 1) ('S', 3, 3, 11) ('L', 0, 2, 12) ('J', 2, 8, 7) ('C', 0, 0, 12) ('T', 3, 2, 5) ('L', 0, 0, 7) ('S', 0, 7, 12) ('C', 3, 4, 1) ('S', 1, 7, 3) ('J', 2, 3, 3) ('B', 1, 0, 10) ('I', 0, 0, 0) ('T', 2, 0, 3) ('O', 0, 8, 9) ('C', 1, 4, 13) ('B', 0, 8, 0) ('J', 3, 4, 5) ('B', 1, 6, 11) ('I', 1, 9, 11) ('J', 2, 8, 1) ('I', 0, 4, 0) ('O', 0, 6, 9) ('B', 0, 7, 2) ('B', 1, 1, 7) ('C', 3, 7, 5) ('O', 0, 0, 5) ('I', 0, 1, 10) ('J', 3, 2, 1) ('T', 1, 5, 6) ('O', 0, 5, 3) ('S', 1, 3, 8) 
('O', 0, 0, 1) ('S', 3, 3, 11) ('L', 0, 2, 12) ('J', 2, 8, 7) ('C', 0, 0, 12) ('T', 3, 2, 5) ('L', 0, 0, 7) ('S', 0, 7, 12) ('C', 3, 4, 1) ('S', 1, 7, 3) ('J', 2, 3, 3) ('B', 1, 0, 10) ('I', 0, 0, 0) ('T', 2, 0, 3) ('O', 0, 8, 9) ('C', 1, 4, 13) ('B', 0, 8, 0) ('J', 3, 4, 5) ('B', 1, 6, 11) ('I', 1, 9, 11) ('J', 2, 8, 1) ('I', 0, 4, 0) ('O', 0, 6, 9) ('B', 0, 7, 2) ('B', 1, 1, 7) ('C', 3, 7, 5) ('O', 0, 0, 5) ('I', 0, 1, 10) ('J', 3, 2, 1) ('T', 1, 5, 6) ('O', 0, 5, 3) ('S', 1, 2, 8) 
('O', 0, 0, 1) ('S', 3, 3, 11) ('L', 0, 2, 12) ('J', 2, 8, 7) ('C', 0, 0, 12) ('T', 3, 2, 5) ('L', 0, 0, 7) ('S', 0, 7, 12) ('C', 3, 4, 1) ('S', 1, 7, 3) ('J', 2, 3, 3) ('B', 1, 0, 10) ('I', 0, 0, 0) ('T', 2, 0, 3) ('O', 0, 8, 9) ('C', 1, 4, 13) ('B', 0, 8, 0) ('J', 3, 4, 5) ('B', 1, 6, 11) ('I', 1, 9, 11) ('J', 2, 8, 1) ('I', 0, 4, 0) ('O', 0, 6, 9) ('B', 0, 7, 2) ('B', 1, 1, 7) ('C', 3, 7, 5) ('O', 0, 0, 5) ('I', 0, 1, 10) ('J', 3, 2, 1) ('T', 1, 5, 6) ('O', 0, 5, 3) ('S', 1, 2, 8) ('I', 1, 5, 8) 
