
('S', 3, 6, 9) 
('S', 0, 6, 9) 
('S', 0, 6, 9) ('L', 5, 3, 12) 
('S', 0, 5, 10) ('L', 5, 3, 12) ('B', 0, 0, 0) 
('S', 0, 5, 10) ('L', 5, 3, 12) ('B', 0, 0, 0) ('B', 1, 0, 1) 
('S', 0, 5, 10) ('L', 6, 3, 12) ('B', 0, 0, 0) ('B', 1, 0, 1) ('I', 0, 4, 2) 
('S', 0, 5, 10) ('L', 6, 3, 12) ('B', 0, 0, 0) ('B', 0, 0, 1) ('I', 0, 4, 2) 
('S', 0, 5, 10) ('L', 6, 3, 12) ('B', 0, 0, 0) ('B', 0, 0, 1) ('I', 0, 4, 1) 
('S', 0, 5, 10) ('L', 6, 3, 12) ('B', 0, 0, 0) ('B', 0, 0, 1) ('I', 0, 4, 1) ('C', 0, 2, 4) 
('S', 0, 5, 10) ('L', 6, 3, 12) ('B', 0, 0, 0) ('B', 0, 0, 1) ('I', 0, 4, 1) ('C', 0, 2, 4) ('O', 0, 7, 11) 
('S', 0, 5, 10) ('L', 6, 3, 12) ('B', 0, 0, 0) ('B', 0, 0, 1) ('I', 0, 4, 1) ('C', 0, 2, 4) ('O', 0, 7, 11) ('I', 1, 4, 4) 
('S', 0, 5, 10) ('L', 6, 3, 12) ('B', 0, 0, 0) ('B', 0, 0, 1) ('I', 0, 4, 1) ('C', 0, 2, 4) ('O', 0, 7, 11) ('I', 1, 4, 4) ('I', 0, 3, 3) 
('S', 0, 5, 10) ('L', 6, 3, 12) ('B', 0, 0, 0) ('B', 0, 0, 1) ('I', 0, 4, 1) ('C', 0, 1, 3) ('O', 0, 7, 11) ('I', 1, 4, 4) ('I', 0, 3, 3) 
('S', 0, 5, 10) ('L', 6, 3, 12) ('B', 0, 0, 0) ('B', 0, 0, 1) ('I', 0, 4, 1) ('C', 0, 1, 3) ('O', 0, 7, 11) ('I', 1, 4, 4) ('I', 0, 3, 3) ('L', 0, 7, 3) 
('S', 0, 5, 10) ('L', 6, 3, 12) ('B', 0, 0, 0) ('B', 0, 0, 1) ('I', 0, 4, 1) ('C', 0, 1, 3) ('O', 0, 7, 11) ('I', 1, 4, 4) ('I', 0, 3, 3) ('L', 0, 7, 3) ('S', 3, 1, 7) 
('S', 0, 5, 10) ('L', 6, 3, 12) ('B', 0, 0, 0) ('B', 0, 0, 1) ('I', 0, 4, 1) ('C', 0, 1, 3) ('O', 0, 7, 11) ('I', 1, 4, 4) ('I', 0, 3, 3) ('L', 0, 8, 4) ('S', 3, 1, 7) 
('S', 0, 5, 10) ('L', 6, 3, 12) ('B', 0, 0, 0) ('B', 0, 0, 1) ('I', 0, 4, 1) ('C', 0, 1, 3) ('O', 0, 7, 11) ('I', 1, 4, 4) ('I', 0, 3, 3) ('L', 0, 8, 4) ('S', 3, 1, 7) ('O', 0, 3, 0) 
('S', 0, 5, 10) ('L', 6, 3, 12) ('B', 0, 0, 0) ('B', 0, 0, 1) ('I', 0, 4, 1) ('C', 0, 1, 3) ('O', 0, 7, 11) ('I', 1, 4, 4) ('I', 0, 3, 3) ('L', 0, 8, 4) ('S', 3, 1, 7) ('O', 0, 3, 0) ('S', 2, 5, 5) 
('S', 0, 5, 10) ('L', 6, 3, 12) ('B', 0, 0, 0) ('B', 0, 0, 1) ('I', 0, 4, 1) ('C', 0, 1, 3) ('O', 0, 7, 11) ('I', 1, 4, 4) ('I', 0, 3, 3) ('L', 0, 8, 4) ('S', 3, 1, 7) ('O', 0, 3, 0) ('S', 2, 5, 5) ('O', 0, 2, 10) 
('S', 0, 5, 10) ('L', 6, 3, 12) ('B', 0, 0, 0) ('B', 0, 0, 1) ('I', 0, 4, 1) ('C', 0, 1, 3) ('O', 0, 8, 12) ('I', 1, 4, 4) ('I', 0, 3, 3) ('L', 0, 8, 4) ('S', 3, 1, 7) ('O', 0, 3, 0) ('S', 2, 5, 5) ('O', 0, 2, 10) ('B', 1, 0, 13) 
('S', 0, 5, 10) ('L', 6, 3, 12) ('B', 0, 0, 0) ('B', 0, 0, 1) ('I', 0, 4, 1) ('C', 0, 1, 3) ('O', 0, 8, 12) ('I', 1, 4, 4) ('I', 0, 3, 3) ('L', 0, 8, 4) ('S', 3, 1, 7) ('S', 2, 5, 5) ('O', 0, 2, 10) ('B', 1, 0, 13) 
('S', 0, 5, 10) ('L', 6, 3, 12) ('B', 0, 0, 0) ('B', 0, 0, 1) ('I', 0, 4, 1) ('C', 0, 1, 3) ('O', 0, 8, 12) ('I', 1, 4, 4) ('I', 0, 3, 3) ('L', 0, 8, 4) ('S', 3, 1, 7) ('S', 2, 5, 5) ('O', 0, 2, 10) ('B', 1, 0, 13) ('O', 0, 2, 1) 
('S', 0, 5, 10) ('L', 6, 3, 12) ('B', 0, 0, 0) ('B', 0, 0, 1) ('I', 0, 4, 1) ('C', 0, 1, 3) ('O', 0, 8, 12) ('I', 1, 4, 4) ('I', 0, 3, 3) ('L', 0, 8, 4) ('S', 0, 1, 7) ('S', 2, 5, 5) ('O', 0, 2, 10) ('B', 1, 0, 13) ('O', 0, 2, 1) 
('S', 0, 5, 10) ('L', 3, 3, 12) ('B', 0, 0, 0) ('B', 0, 0, 1) ('I', 0, 4, 1) ('C', 0, 1, 3) ('O', 0, 8, 12) ('I', 1, 4, 4) ('I', 0, 3, 3) ('L', 0, 8, 4) ('S', 0, 1, 7) ('S', 2, 5, 5) ('O', 0, 2, 10) ('B', 1, 0, 13) ('O', 0, 2, 1) 
('S', 0, 5, 10) ('L', 3, 3, 12) ('B', 0, 0, 0) ('B', 0, 0, 1) ('I', 0, 4, 1) ('C', 0, 0, 3) ('O', 0, 8, 12) ('I', 1, 4, 4) ('I', 0, 3, 3) ('L', 0, 8, 4) ('S', 0, 1, 7) ('S', 2, 5, 5) ('O', 0, 2, 10) ('B', 1, 0, 13) ('O', 0, 2, 1) 
('S', 0, 5, 10) ('L', 2, 3, 12) ('B', 0, 0, 0) ('B', 0, 0, 1) ('I', 0, 4, 1) ('C', 0, 0, 3) ('O', 0, 8, 12) ('I', 1, 4, 4) ('I', 0, 3, 3) ('L', 0, 8, 4) ('S', 0, 1, 7) ('S', 2, 5, 5) ('O', 0, 2, 10) ('B', 1, 0, 13) ('O', 0, 2, 1) ('T', 1, 7, 8) 
('S', 0, 5, 10) ('L', 2, 3, 13) ('B', 0, 0, 0) ('B', 0, 0, 1) ('I', 0, 4, 1) ('C', 0, 0, 3) ('O', 0, 8, 12) ('I', 1, 4, 4) ('I', 0, 3, 3) ('L', 0, 8, 4) ('S', 0, 1, 7) ('S', 2, 5, 5) ('O', 0, 2, 10) ('B', 1, 0, 13) ('O', 0, 2, 1) ('T', 1, 7, 8) 
('S', 0, 5, 10) ('L', 2, 3, 13) ('B', 0, 0, 0) ('B', 0, 0, 1) ('I', 0, 4, 1) ('C', 0, 0, 3) ('O', 0, 8, 12) ('I', 0, 4, 4) ('I', 0, 3, 3) ('L', 0, 8, 4) ('S', 0, 1, 7) ('S', 2, 5, 5) ('O', 0, 2, 10) ('B', 1, 0, 13) ('O', 0, 2, 1) ('T', 1, 7, 8) 
('S', 0, 5, 10) ('L', 2, 3, 13) ('B', 0, 0, 0) ('B', 0, 0, 1) ('I', 0, 4, 1) ('C', 0, 0, 3) ('O', 0, 8, 12) ('I', 0, 4, 4) ('I', 0, 2, 3) ('L', 0, 8, 4) ('S', 0, 1, 7) ('S', 2, 5, 5) ('O', 0, 2, 10) ('B', 1, 0, 13) ('O', 0, 2, 1) ('T', 1, 7, 8) 
('S', 0, 5, 10) ('L', 2, 3, 13) ('B', 0, 0, 0) ('B', 0, 0, 1) ('I', 0, 4, 1) ('C', 0, 0, 3) ('O', 0, 8, 12) ('I', 0, 4, 4) ('I', 0, 2, 3) ('L', 0, 8, 4) ('S', 0, 1, 7) ('S', 2, 5, 5) ('O', 0, 2, 10) ('B', 1, 0, 13) ('O', 0, 2, 1) ('T', 1, 8, 8) 
('S', 0, 5, 10) ('L', 2, 3, 13) ('B', 0, 0, 0) ('B', 0, 0, 1) ('I', 0, 4, 1) ('C', 0, 0, 3) ('O', 0, 8, 12) ('I', 0, 4, 4) ('I', 0, 2, 3) ('L', 0, 8, 4) ('S', 0, 1, 7) ('S', 3, 5, 5) ('O', 0, 2, 10) ('B', 1, 0, 13) ('O', 0, 2, 1) ('T', 1, 8, 8) 
('S', 0, 5, 10) ('L', 2, 3, 13) ('B', 0, 0, 0) ('B', 0, 0, 1) ('I', 0, 4, 1) ('C', 0, 0, 3) ('O', 0, 7, 13) ('I', 0, 4, 4) ('I', 0, 2, 3) ('L', 0, 8, 4) ('S', 0, 1, 7) ('S', 3, 5, 5) ('O', 0, 2, 10) ('B', 1, 0, 13) ('O', 0, 2, 1) ('T', 1, 8, 8) 
('S', 0, 5, 10) ('L', 2, 3, 13) ('B', 0, 0, 0) ('B', 1, 0, 1) ('I', 0, 5, 0) ('C', 0, 0, 3) ('O', 0, 7, 13) ('I', 0, 4, 4) ('I', 0, 2, 3) ('L', 0, 8, 4) ('S', 0, 1, 7) ('S', 3, 5, 5) ('O', 0, 2, 10) ('B', 1, 0, 13) ('O', 0, 2, 1) ('T', 1, 8, 8) 
('S', 0, 5, 10) ('L', 2, 3, 13) ('B', 0, 0, 0) ('B', 1, 0, 1) ('I', 0, 5, 0) ('C', 0, 0, 3) ('O', 0, 7, 13) ('I', 0, 4, 4) ('I', 0, 2, 3) ('L', 0, 8, 4) ('S', 2, 1, 7) ('S', 3, 5, 5) ('O', 0, 2, 10) ('B', 1, 0, 13) ('O', 0, 2, 1) ('T', 1, 8, 8) ('T', 1, 6, 7) 
('S', 0, 5, 10) ('L', 2, 3, 13) ('B', 0, 0, 0) ('B', 1, 0, 1) ('I', 0, 5, 0) ('C', 0, 0, 3) ('O', 0, 7, 13) ('I', 0, 4, 4) ('I', 0, 2, 3) ('L', 0, 8, 4) ('S', 2, 0, 7) ('S', 3, 5, 5) ('O', 0, 2, 10) ('B', 1, 0, 13) ('O', 0, 2, 1) ('T', 1, 8, 8) ('T', 1, 6, 7) 
('S', 0, 6, 10) ('L', 2, 3, 13) ('B', 0, 0, 0) ('B', 1, 0, 1) ('I', 0, 5, 0) ('C', 0, 0, 3) ('O', 0, 7, 13) ('I', 0, 4, 4) ('I', 0, 2, 3) ('L', 0, 8, 4) ('S', 2, 0, 7) ('S', 3, 5, 5) ('O', 0, 2, 10) ('B', 1, 0, 13) ('O', 0, 2, 1) ('T', 1, 8, 8) ('T', 1, 6, 7) 
('S', 0, 6, 10) ('L', 2, 3, 13) ('B', 0, 0, 0) ('B', 1, 0, 1) ('I', 0, 5, 0) ('C', 0, 0, 3) ('O', 0, 7, 13) ('I', 0, 4, 4) ('I', 0, 2, 3) ('L', 0, 8, 4) ('S', 2, 0, 7) ('S', 1, 5, 5) ('O', 0, 2, 10) ('B', 1, 0, 13) ('O', 0, 2, 1) ('T', 1, 8, 8) ('T', 1, 6, 7) 
('S', 0, 6, 10) ('L', 2, 3, 13) ('B', 0, 0, 0) ('B', 1, 0, 1) ('I', 0, 5, 0) ('C', 0, 0, 3) ('O', 0, 7, 13) ('I', 0, 4, 4) ('I', 0, 2, 3) ('L', 0, 8, 4) ('S', 2, 0, 7) ('S', 1, 5, 5) ('O', 0, 2, 10) ('B', 1, 0, 13) ('O', 0, 2, 1) ('T', 1, 8, 8) ('T', 0, 6, 7) 
('S', 0, 6, 10) ('L', 2, 3, 13) ('B', 0, 0, 0) ('B', 1, 0, 1) ('I', 0, 5, 0) ('C', 0, 0, 3) ('O', 0, 7, 13) ('I', 0, 4, 4) ('I', 0, 2, 3) ('L', 0, 8, 4) ('S', 2, 0, 7) ('S', 1, 5, 5) ('O', 0, 2, 10) ('B', 1, 0, 13) ('O', 0, 2, 1) ('T', 1, 8, 8) ('T', 0, 6, 7) ('B', 1, 0, 11) 
('S', 0, 6, 10) ('L', 2, 3, 13) ('B', 0, 0, 0) ('B', 1, 0, 1) ('I', 0, 5, 0) ('C', 0, 0, 3) ('O', 0, 7, 13) ('I', 0, 4, 4) ('I', 0, 2, 3) ('L', 0, 8, 4) ('S', 2, 0, 7) ('S', 1, 5, 5) ('O', 0, 2, 10) ('B', 1, 0, 13) ('O', 0, 2, 1) ('T', 1, 8, 9) ('T', 0, 6, 7) ('B', 1, 0, 11) 
('S', 0, 6, 10) ('L', 2, 3, 13) ('B', 0, 0, 0) ('B', 1, 0, 1) ('I', 0, 5, 0) ('C', 0, 0, 3) ('O', 0, 7, 13) ('I', 0, 4, 4) ('I', 0, 2, 3) ('L', 0, 8, 4) ('S', 2, 0, 7) ('S', 1, 5, 5) ('O', 0, 2, 10) ('B', 1, 0, 13) ('O', 0, 2, 1) ('T', 1, 8, 9) ('T', 0, 6, 7) ('B', 1, 0, 11) ('S', 2, 2, 7) 
('S', 0, 6, 10) ('L', 2, 3, 13) ('B', 0, 0, 0) ('B', 1, 0, 1) ('I', 0, 5, 0) ('C', 0, 0, 3) ('O', 0, 7, 13) ('I', 0, 4, 4) ('I', 0, 2, 3) ('L', 0, 8, 4) ('S', 2, 0, 7) ('S', 1, 5, 5) ('O', 0, 2, 10) ('B', 1, 0, 13) ('O', 0, 2, 1) ('T', 1, 8, 9) ('T', 0, 6, 7) ('B', 1, 0, 11) ('S', 2, 2, 7) ('L', 2, 2, 12) 
('S', 0, 6, 10) ('L', 2, 3, 13) ('B', 0, 0, 0) ('B', 1, 0, 1) ('I', 0, 5, 0) ('C', 0, 0, 3) ('O', 0, 7, 13) ('I', 0, 4, 4) ('I', 0, 2, 3) ('L', 0, 8, 4) ('S', 2, 0, 7) ('S', 1, 5, 5) ('O', 0, 2, 10) ('B', 1, 0, 13) ('O', 0, 2, 1) ('T', 1, 8, 9) ('T', 0, 6, 7) ('B', 1, 1, 12) ('S', 2, 2, 7) ('L', 2, 2, 12) 
('S', 0, 6, 10) ('L', 2, 3, 13) ('B', 0, 0, 0) ('B', 0, 0, 1) ('I', 0, 5, 0) ('C', 0, 0, 3) ('O', 0, 7, 13) ('I', 0, 4, 4) ('I', 0, 2, 3) ('L', 0, 8, 4) ('S', 2, 0, 7) ('S', 1, 5, 5) ('O', 0, 2, 10) ('B', 1, 0, 13) ('O', 0, 2, 1) ('T', 1, 8, 9) ('T', 0, 6, 7) ('B', 1, 1, 12) ('S', 2, 2, 7) ('L', 2, 2, 12) 
('S', 0, 6, 10) ('L', 2, 3, 13) ('B', 0, 0, 0) ('B', 0, 0, 1) ('I', 0, 6, 0) ('C', 0, 0, 3) ('O', 0, 7, 13) ('I', 0, 4, 4) ('I', 0, 2, 3) ('L', 0, 8, 4) ('S', 2, 0, 7) ('S', 1, 5, 5) ('O', 0, 2, 10) ('B', 1, 0, 13) ('O', 0, 2, 1) ('T', 1, 8, 9) ('T', 0, 6, 7) ('B', 1, 1, 12) ('S', 2, 2, 7) ('L', 2, 2, 12) 
('S', 0, 6, 10) ('L', 2, 3, 13) ('B', 0, 0, 0) ('B', 0, 0, 1) ('I', 0, 6, 0) ('C', 0, 0, 3) ('O', 0, 7, 13) ('I', 0, 4, 4) ('I', 0, 2, 3) ('L', 0, 8, 4) ('S', 2, 0, 7) ('S', 1, 5, 5) ('O', 0, 2, 10) ('B', 1, 0, 13) ('O', 0, 2, 1) ('T', 1, 8, 9) ('T', 0, 6, 7) ('B', 1, 1, 12) ('S', 2, 2, 7) ('L', 2, 2, 12) ('O', 0, 3, 5) 
('S', 0, 6, 10) ('L', 2, 3, 13) ('B', 0, 0, 0) ('B', 0, 0, 1) ('I', 0, 6, 0) ('C', 0, 0, 3) ('O', 0, 7, 13) ('I', 0, 4, 4) ('I', 0, 2, 3) ('L', 0, 8, 4) ('S', 2, 0, 7) ('S', 1, 5, 5) ('O', 0, 2, 10) ('B', 1, 0, 13) ('O', 0, 2, 1) ('T', 1, 8, 9) ('T', 0, 6, 7) ('B', 1, 1, 12) ('S', 2, 2, 7) ('L', 2, 2, 12) ('O', 0, 2, 5) 
('S', 0, 6, 10) ('L', 2, 3, 13) ('B', 0, 0, 0) ('B', 0, 0, 1) ('I', 0, 6, 0) ('C', 0, 0, 3) ('O', 0, 7, 13) ('I', 0, 4, 4) ('I', 0, 2, 3) ('L', 0, 8, 4) ('S', 2, 0, 7) ('S', 1, 5, 5) ('O', 0, 3, 10) ('B', 1, 0, 13) ('O', 0, 2, 1) ('T', 1, 8, 9) ('T', 0, 6, 7) ('B', 1, 1, 12) ('S', 2, 2, 7) ('L', 2, 2, 12) ('O', 0, 2, 5) ('S', 3, 6, 1) 
('S', 0, 6, 10) ('L', 2, 3, 13) ('B', 0, 0, 0) ('B', 0, 0, 1) ('I', 0, 6, 0) ('C', 0, 0, 3) ('O', 0, 7, 13) ('I', 0, 4, 4) ('I', 0, 2, 3) ('L', 0, 8, 4) ('S', 2, 0, 7) ('S', 1, 5, 5) ('O', 0, 3, 10) ('B', 1, 0, 13) ('O', 0, 2, 1) ('T', 1, 8, 9) ('T', 0, 6, 7) ('B', 1, 1, 12) ('S', 2, 2, 7) ('L', 2, 2, 12) ('O', 0, 2, 5) ('S', 3, 7, 1) 
('S', 0, 6, 10) ('L', 2, 3, 13) ('B', 0, 0, 0) ('B', 0, 0, 1) ('I', 0, 6, 0) ('C', 0, 0, 3) ('O', 0, 7, 13) ('I', 0, 4, 4) ('I', 0, 2, 3) ('L', 0, 8, 4) ('S', 2, 0, 7) ('S', 1, 5, 5) ('O', 0, 3, 10) ('B', 1, 0, 13) ('O', 0, 2, 1) ('T', 1, 8, 9) ('T', 0, 6, 7) ('B', 1, 1, 12) ('S', 2, 2, 7) ('L', 2, 2, 12) ('O', 0, 2, 5) ('S', 3, 7, 1) ('B', 1, 5, 1) 
('S', 0, 6, 10) ('L', 2, 3, 13) ('B', 0, 0, 0) ('B', 0, 0, 1) ('I', 0, 6, 0) ('C', 0, 0, 3) ('O', 0, 7, 13) ('I', 0, 4, 4) ('I', 0, 2, 3) ('L', 4, 8, 4) ('S', 2, 0, 7) ('S', 1, 5, 5) ('O', 0, 3, 10) ('B', 1, 0, 13) ('O', 0, 2, 1) ('T', 1, 8, 9) ('T', 0, 6, 7) ('B', 1, 1, 12) ('S', 2, 2, 7) ('L', 2, 2, 12) ('O', 0, 2, 5) ('S', 3, 7, 1) ('B', 1, 5, 1) 
('S', 0, 6, 10) ('L', 2, 3, 13) ('B', 0, 0, 0) ('B', 0, 0, 1) ('I', 0, 6, 0) ('C', 0, 0, 3) ('O', 0, 7, 13) ('I', 0, 4, 4) ('I', 0, 2, 3) ('L', 4, 8, 4) ('S', 2, 0, 7) ('S', 1, 5, 5) ('O', 0, 3, 10) ('B', 1, 0, 13) ('O', 0, 2, 1) ('T', 1, 8, 9) ('T', 0, 6, 7) ('B', 1, 1, 12) ('S', 2, 2, 7) ('L', 2, 2, 12) ('O', 0, 2, 5) ('S', 3, 7, 1) ('B', 1, 4, 1) 
('S', 0, 6, 10) ('L', 2, 3, 13) ('B', 0, 0, 0) ('B', 0, 0, 1) ('I', 0, 6, 0) ('C', 0, 0, 3) ('O', 0, 7, 13) ('I', 0, 4, 4) ('I', 0, 2, 3) ('L', 4, 8, 4) ('S', 2, 0, 7) ('S', 1, 5, 5) ('O', 0, 3, 10) ('B', 1, 0, 13) ('O', 0, 2, 1) ('T', 1, 8, 9) ('T', 0, 6, 7) ('B', 1, 1, 12) ('S', 2, 2, 7) ('L', 2, 2, 12) ('O', 0, 2, 5) ('S', 3, 7, 1) ('B', 1, 4, 1) ('J', 1, 5, 1) 
('S', 2, 6, 10) ('L', 2, 3, 13) ('B', 0, 0, 0) ('B', 0, 0, 1) ('I', 0, 6, 0) ('C', 0, 0, 3) ('O', 0, 7, 13) ('I', 0, 4, 4) ('I', 0, 2, 3) ('L', 4, 8, 4) ('S', 2, 0, 7) ('S', 1, 5, 5) ('O', 0, 3, 10) ('B', 1, 0, 13) ('O', 0, 2, 1) ('T', 1, 8, 9) ('T', 0, 6, 7) ('B', 1, 1, 12) ('S', 2, 2, 7) ('L', 2, 2, 12) ('O', 0, 2, 5) ('S', 3, 7, 1) ('B', 1, 4, 1) ('J', 1, 5, 1) 
('S', 2, 6, 10) ('L', 2, 3, 13) ('B', 0, 0, 0) ('B', 0, 0, 1) ('I', 0, 6, 0) ('C', 0, 0, 3) ('O', 0, 7, 13) ('I', 0, 4, 4) ('I', 0, 2, 3) ('L', 4, 8, 4) ('S', 2, 0, 7) ('S', 1, 5, 5) ('O', 0, 3, 10) ('B', 1, 0, 13) ('O', 0, 2, 1) ('T', 1, 8, 9) ('T', 0, 6, 7) ('B', 1, 1, 12) ('S', 2, 2, 7) ('L', 2, 2, 12) ('O', 0, 2, 5) ('S', 3, 7, 1) ('B', 1, 4, 1) ('J', 3, 5, 1) 
('S', 2, 6, 10) ('L', 2, 3, 13) ('B', 0, 0, 0) ('B', 0, 0, 1) ('I', 0, 6, 0) ('C', 0, 0, 2) ('O', 0, 7, 13) ('I', 0, 4, 4) ('I', 0, 2, 3) ('L', 4, 8, 4) ('S', 2, 0, 7) ('S', 1, 5, 5) ('O', 0, 3, 10) ('B', 1, 0, 13) ('O', 0, 2, 1) ('T', 1, 8, 9) ('T', 0, 6, 7) ('B', 1, 1, 12) ('S', 2, 2, 7) ('L', 2, 2, 12) ('O', 0, 2, 5) ('S', 3, 7, 1) ('B', 1, 4, 1) ('J', 3, 5, 1) 
('S', 2, 6, 10) ('L', 2, 3, 13) ('B', 0, 0, 0) ('B', 0, 0, 1) ('I', 0, 6, 0) ('C', 0, 0, 2) ('O', 0, 7, 13) ('I', 0, 4, 4) ('I', 0, 2, 3) ('L', 4, 8, 4) ('S', 2, 0, 7) ('S', 1, 5, 5) ('O', 0, 3, 10) ('B', 1, 0, 13) ('O', 0, 2, 1) ('T', 1, 8, 9) ('T', 0, 6, 7) ('B', 1, 1, 12) ('S', 2, 2, 7) ('L', 2, 2, 12) ('O', 0, 2, 5) ('S', 3, 7, 1) ('B', 1, 4, 1) ('J', 3, 5, 1) ('I', 0, 2, 0) 
('S', 2, 6, 10) ('L', 2, 3, 13) ('B', 0, 0, 0) ('B', 0, 0, 1) ('I', 0, 6, 0) ('C', 0, 0, 2) ('O', 0, 7, 13) ('I', 0, 4, 4) ('I', 0, 2, 3) ('L', 4, 8, 4) ('S', 2, 0, 7) ('S', 1, 5, 5) ('O', 0, 3, 10) ('B', 1, 0, 13) ('O', 0, 2, 1) ('T', 1, 8, 9) ('T', 0, 6, 7) ('B', 1, 1, 12) ('S', 2, 2, 7) ('L', 2, 2, 12) ('O', 0, 2, 5) ('S', 3, 7, 1) ('B', 1, 4, 1) ('J', 2, 5, 1) ('I', 0, 2, 0) 
('S', 2, 6, 10) ('L', 2, 3, 13) ('B', 0, 0, 0) ('B', 0, 0, 1) ('I', 0, 6, 0) ('C', 0, 0, 2) ('O', 0, 7, 13) ('I', 0, 4, 4) ('I', 0, 2, 3) ('L', 4, 8, 4) ('S', 2, 0, 7) ('S', 1, 5, 5) ('O', 0, 3, 10) ('B', 1, 0, 13) ('O', 0, 2, 1) ('T', 1, 8, 9) ('T', 0, 7, 7) ('B', 1, 1, 12) ('S', 2, 2, 7) ('L', 2, 2, 12) ('O', 0, 2, 5) ('S', 3, 7, 1) ('B', 1, 4, 1) ('J', 2, 5, 1) ('I', 0, 2, 0) 
('S', 2, 6, 10) ('L', 2, 3, 13) ('B', 0, 0, 0) ('B', 0, 0, 1) ('I', 0, 6, 0) ('C', 0, 0, 2) ('O', 0, 7, 13) ('I', 0, 4, 4) ('I', 0, 2, 3) ('L', 4, 8, 4) ('S', 2, 0, 6) ('S', 1, 5, 5) ('O', 0, 3, 10) ('B', 1, 0, 13) ('O', 0, 2, 1) ('T', 1, 8, 9) ('T', 0, 7, 7) ('B', 1, 1, 12) ('S', 2, 2, 7) ('L', 2, 2, 12) ('O', 0, 2, 5) ('S', 3, 7, 1) ('B', 1, 4, 1) ('J', 2, 5, 1) ('I', 0, 2, 0) 
('S', 2, 6, 10) ('L', 2, 3, 13) ('B', 0, 0, 0) ('B', 0, 0, 1) ('I', 0, 6, 0) ('C', 0, 0, 2) ('O', 0, 7, 13) ('I', 0, 4, 4) ('I', 0, 1, 3) ('L', 4, 8, 4) ('S', 2, 0, 6) ('S', 1, 5, 5) ('O', 0, 3, 10) ('B', 1, 0, 13) ('O', 0, 2, 1) ('T', 1, 8, 9) ('T', 0, 7, 7) ('B', 1, 1, 12) ('S', 2, 2, 7) ('L', 2, 2, 12) ('O', 0, 2, 5) ('S', 3, 7, 1) ('B', 1, 4, 1) ('J', 2, 5, 1) ('I', 0, 2, 0) 
('S', 2, 6, 10) ('L', 2, 3, 13) ('B', 0, 0, 0) ('B', 0, 0, 1) ('I', 0, 6, 0) ('C', 0, 0, 2) ('O', 0, 7, 13) ('I', 0, 4, 4) ('I', 0, 1, 3) ('L', 4, 8, 4) ('S', 2, 0, 6) ('S', 1, 5, 5) ('O', 0, 3, 10) ('B', 1, 0, 13) ('O', 0, 2, 1) ('T', 1, 8, 9) ('T', 0, 7, 7) ('B', 1, 1, 12) ('S', 2, 2, 7) ('L', 2, 2, 12) ('O', 0, 2, 5) ('S', 1, 7, 1) ('B', 1, 4, 1) ('J', 2, 5, 1) ('I', 0, 2, 0) 
('S', 2, 6, 10) ('L', 2, 3, 13) ('B', 0, 0, 0) ('B', 0, 0, 1) ('I', 0, 6, 0) ('C', 0, 0, 2) ('O', 0, 7, 13) ('I', 0, 4, 4) ('I', 0, 1, 3) ('L', 4, 8, 4) ('S', 2, 0, 6) ('S', 1, 5, 5) ('O', 0, 3, 10) ('B', 1, 0, 13) ('O', 0, 2, 1) ('T', 1, 8, 9) ('T', 0, 7, 7) ('B', 1, 1, 12) ('S', 2, 2, 7) ('L', 2, 2, 12) ('O', 0, 2, 5) ('S', 1, 7, 1) ('B', 1, 4, 1) ('J', 2, 5, 1) ('I', 0, 2, 0) ('C', 0, 5, 7) 
('S', 2, 6, 10) ('L', 2, 3, 13) ('B', 0, 0, 0) ('B', 0, 0, 1) ('I', 0, 6, 0) ('C', 0, 0, 2) ('O', 0, 7, 13) ('I', 0, 4, 4) ('I', 0, 1, 3) ('L', 4, 8, 4) ('S', 2, 0, 6) ('S', 1, 5, 5) ('O', 0, 3, 10) ('B', 1, 0, 13) ('O', 0, 2, 1) ('T', 1, 8, 9) ('T', 0, 7, 7) ('B', 1, 1, 12) ('S', 2, 2, 7) ('L', 2, 2, 12) ('O', 0, 2, 5) ('S', 1, 7, 1) ('B', 1, 4, 1) ('J', 2, 5, 1) ('I', 0, 2, 0) ('C', 0, 5, 8) 
('S', 2, 6, 10) ('L', 2, 3, 13) ('B', 0, 0, 0) ('B', 0, 0, 1) ('I', 0, 6, 0) ('C', 0, 0, 2) ('O', 0, 7, 13) ('I', 0, 5, 3) ('I', 0, 1, 3) ('L', 4, 8, 4) ('S', 2, 0, 6) ('S', 1, 5, 5) ('O', 0, 3, 10) ('B', 1, 0, 13) ('O', 0, 2, 1) ('T', 1, 8, 9) ('T', 0, 7, 7) ('B', 1, 1, 12) ('S', 2, 2, 7) ('L', 2, 2, 12) ('O', 0, 2, 5) ('S', 3, 7, 1) ('B', 1, 4, 1) ('J', 2, 5, 1) ('I', 0, 2, 0) ('C', 0, 5, 8) 
('S', 2, 6, 10) ('L', 2, 3, 13) ('B', 0, 0, 0) ('B', 0, 0, 1) ('I', 0, 6, 0) ('C', 0, 0, 2) ('O', 0, 7, 13) ('I', 0, 5, 3) ('I', 0, 1, 3) ('L', 4, 8, 4) ('S', 2, 0, 5) ('S', 1, 5, 5) ('O', 0, 3, 10) ('B', 1, 0, 13) ('O', 0, 2, 1) ('T', 1, 8, 9) ('T', 0, 7, 7) ('B', 1, 1, 12) ('S', 2, 2, 7) ('L', 2, 2, 12) ('O', 0, 2, 5) ('S', 3, 7, 1) ('B', 1, 4, 1) ('J', 2, 5, 1) ('I', 0, 2, 0) ('C', 0, 5, 8) 
('S', 2, 6, 10) ('L', 2, 3, 13) ('B', 0, 0, 0) ('B', 0, 0, 1) ('I', 0, 6, 0) ('C', 0, 0, 2) ('O', 0, 7, 13) ('I', 0, 5, 3) ('I', 0, 1, 3) ('L', 4, 8, 4) ('S', 2, 0, 5) ('S', 1, 5, 5) ('O', 0, 3, 10) ('B', 1, 0, 13) ('O', 0, 2, 1) ('T', 1, 8, 9) ('T', 0, 7, 7) ('B', 1, 1, 12) ('S', 2, 2, 7) ('L', 2, 2, 12) ('O', 0, 2, 5) ('S', 3, 7, 1) ('B', 1, 4, 1) ('J', 3, 5, 1) ('I', 0, 2, 0) ('C', 0, 5, 8) 
('S', 2, 6, 10) ('L', 2, 3, 13) ('B', 0, 0, 0) ('B', 0, 0, 1) ('I', 0, 6, 0) ('C', 0, 0, 2) ('O', 0, 7, 13) ('I', 0, 5, 3) ('I', 0, 1, 3) ('L', 4, 8, 4) ('S', 2, 0, 5) ('S', 1, 5, 5) ('O', 0, 3, 10) ('B', 1, 0, 13) ('O', 0, 2, 1) ('T', 1, 8, 9) ('T', 0, 7, 7) ('B', 1, 1, 12) ('S', 2, 2, 7) ('L', 2, 2, 12) ('O', 0, 2, 5) ('S', 3, 7, 1) ('B', 1, 4, 1) ('J', 3, 5, 1) ('I', 0, 2, 0) ('C', 0, 5, 8) ('T', 2, 0, 10) 
('S', 2, 6, 10) ('L', 2, 3, 13) ('B', 0, 0, 0) ('B', 0, 0, 1) ('I', 0, 6, 0) ('C', 0, 0, 2) ('O', 0, 7, 13) ('I', 0, 5, 3) ('I', 0, 1, 3) ('L', 4, 8, 4) ('S', 0, 0, 5) ('S', 1, 5, 5) ('O', 0, 3, 10) ('B', 1, 0, 13) ('O', 0, 2, 1) ('T', 1, 8, 9) ('T', 0, 7, 7) ('B', 1, 1, 12) ('S', 2, 2, 7) ('L', 2, 2, 12) ('O', 0, 2, 5) ('S', 3, 7, 1) ('B', 1, 4, 1) ('J', 3, 5, 1) ('I', 0, 2, 0) ('C', 0, 5, 8) ('T', 2, 0, 10) 
('S', 2, 6, 10) ('L', 2, 3, 13) ('B', 0, 0, 0) ('B', 0, 0, 1) ('I', 0, 6, 0) ('C', 0, 0, 2) ('O', 0, 7, 13) ('I', 0, 5, 3) ('I', 0, 1, 3) ('L', 4, 8, 4) ('S', 0, 0, 5) ('S', 1, 5, 5) ('O', 0, 3, 10) ('B', 1, 0, 13) ('O', 0, 2, 1) ('T', 1, 8, 9) ('T', 2, 7, 7) ('B', 1, 1, 12) ('S', 2, 2, 7) ('L', 2, 2, 12) ('O', 0, 2, 5) ('S', 3, 7, 1) ('B', 1, 4, 1) ('J', 3, 5, 1) ('I', 0, 2, 0) ('C', 0, 5, 8) ('T', 2, 0, 10) 
('S', 2, 6, 10) ('L', 2, 3, 13) ('B', 0, 0, 0) ('B', 0, 0, 1) ('I', 0, 6, 0) ('C', 0, 0, 2) ('O', 0, 7, 13) ('I', 0, 5, 3) ('I', 0, 1, 3) ('L', 4, 8, 4) ('S', 0, 0, 5) ('S', 1, 5, 5) ('O', 0, 3, 10) ('B', 1, 0, 13) ('O', 0, 2, 1) ('T', 1, 8, 9) ('T', 2, 7, 7) ('B', 1, 1, 12) ('S', 2, 2, 7) ('L', 2, 2, 12) ('O', 0, 2, 5) ('S', 3, 7, 1) ('B', 1, 4, 1) ('J', 3, 5, 1) ('I', 0, 2, 0) ('C', 0, 5, 8) ('T', 0, 0, 10) 
('S', 2, 6, 10) ('L', 2, 3, 13) ('B', 0, 0, 0) ('B', 0, 0, 1) ('I', 0, 6, 0) ('C', 0, 0, 2) ('O', 0, 7, 13) ('I', 0, 6, 3) ('I', 0, 1, 3) ('L', 4, 8, 4) ('S', 0, 0, 5) ('S', 1, 5, 5) ('O', 0, 3, 10) ('B', 1, 0, 13) ('O', 0, 2, 1) ('T', 1, 8, 9) ('T', 2, 7, 7) ('B', 1, 1, 12) ('S', 2, 2, 7) ('L', 2, 2, 12) ('O', 0, 2, 5) ('S', 3, 7, 1) ('B', 1, 4, 1) ('J', 3, 5, 1) ('I', 0, 2, 0) ('C', 0, 5, 8) ('T', 0, 0, 10) 
('S', 2, 6, 10) ('L', 2, 3, 13) ('B', 0, 0, 0) ('B', 0, 0, 1) ('I', 0, 6, 0) ('C', 0, 0, 2) ('O', 0, 7, 13) ('I', 0, 6, 3) ('I', 0, 1, 3) ('L', 4, 8, 4) ('S', 0, 0, 5) ('S', 1, 5, 5) ('O', 0, 3, 10) ('B', 1, 0, 13) ('O', 0, 2, 1) ('T', 1, 8, 9) ('T', 2, 7, 7) ('B', 1, 1, 12) ('S', 2, 2, 7) ('L', 2, 2, 12) ('O', 0, 2, 5) ('S', 1, 7, 1) ('B', 1, 4, 1) ('J', 3, 5, 1) ('I', 0, 2, 0) ('C', 0, 5, 8) ('T', 0, 0, 10) 
('S', 2, 6, 10) ('L', 2, 3, 13) ('B', 0, 0, 0) ('B', 0, 0, 1) ('I', 0, 6, 0) ('C', 0, 0, 2) ('O', 0, 7, 13) ('I', 0, 6, 3) ('I', 0, 1, 3) ('L', 4, 8, 4) ('S', 0, 0, 5) ('S', 1, 5, 5) ('O', 0, 3, 10) ('B', 1, 0, 13) ('O', 0, 2, 1) ('T', 1, 8, 9) ('T', 2, 7, 7) ('B', 1, 1, 13) ('S', 2, 2, 7) ('L', 2, 2, 12) ('O', 0, 2, 5) ('S', 1, 7, 1) ('B', 1, 4, 1) ('J', 3, 5, 1) ('I', 0, 2, 0) ('C', 0, 5, 8) ('T', 0, 0, 10) 
('S', 2, 6, 10) ('L', 2, 3, 13) ('B', 0, 0, 0) ('B', 0, 0, 1) ('I', 0, 6, 0) ('C', 0, 0, 2) ('O', 0, 7, 13) ('I', 0, 6, 3) ('I', 0, 1, 3) ('L', 4, 8, 4) ('S', 0, 0, 5) ('S', 1, 5, 5) ('O', 0, 3, 10) ('B', 1, 0, 13) ('O', 0, 2, 1) ('T', 1, 8, 9) ('T', 2, 7, 7) ('B', 1, 1, 13) ('S', 2, 2, 7) ('L', 2, 2, 12) ('O', 0, 2, 5) ('S', 1, 7, 1) ('B', 1, 4, 1) ('J', 3, 5, 1) ('I', 0, 2, 0) ('C', 0, 5, 8) ('T', 0, 0, 11) 
('S', 2, 6, 10) ('L', 2, 3, 13) ('B', 0, 0, 0) ('B', 0, 0, 1) ('I', 0, 6, 0) ('C', 0, 0, 2) ('O', 0, 7, 13) ('I', 0, 6, 3) ('I', 0, 1, 3) ('L', 4, 8, 4) ('S', 0, 0, 5) ('S', 1, 6, 5) ('O', 0, 3, 10) ('B', 1, 0, 13) ('O', 0, 2, 1) ('T', 1, 8, 9) ('T', 2, 7, 7) ('B', 1, 1, 13) ('S', 2, 2, 7) ('L', 2, 2, 12) ('O', 0, 2, 5) ('S', 1, 7, 1) ('B', 1, 4, 1) ('J', 3, 5, 1) ('I', 0, 2, 0) ('C', 0, 5, 8) ('T', 0, 0, 11) 
('S', 2, 6, 10) ('L', 2, 3, 13) ('B', 0, 0, 0) ('B', 0, 0, 1) ('I', 0, 6, 0) ('C', 0, 0, 2) ('O', 0, 7, 13) ('I', 0, 6, 3) ('I', 0, 1, 3) ('L', 4, 8, 4) ('S', 0, 0, 5) ('S', 1, 6, 5) ('O', 0, 3, 10) ('B', 1, 0, 13) ('O', 0, 2, 1) ('T', 1, 8, 9) ('T', 2, 7, 7) ('B', 1, 1, 13) ('S', 2, 2, 7) ('L', 2, 2, 12) ('O', 0, 2, 5) ('S', 1, 7, 1) ('B', 1, 4, 1) ('J', 3, 5, 1) ('I', 0, 2, 0) ('C', 2, 5, 8) ('T', 0, 0, 11) 
('S', 2, 6, 10) ('L', 2, 3, 13) ('B', 0, 0, 0) ('B', 0, 0, 1) ('I', 0, 6, 0) ('C', 0, 0, 2) ('O', 0, 7, 13) ('I', 0, 6, 3) ('I', 0, 1, 3) ('L', 4, 8, 4) ('S', 0, 0, 5) ('S', 1, 6, 5) ('O', 0, 3, 10) ('B', 1, 0, 13) ('O', 0, 2, 1) ('T', 1, 8, 9) ('T', 2, 7, 7) ('B', 1, 1, 13) ('S', 2, 2, 7) ('L', 2, 2, 12) ('O', 0, 2, 5) ('S', 1, 7, 1) ('B', 1, 4, 1) ('J', 3, 5, 1) ('I', 0, 2, 0) ('C', 2, 5, 8) ('T', 0, 0, 11) ('J', 0, 4, 5) 
('S', 2, 6, 10) ('L', 2, 3, 13) ('B', 0, 0, 0) ('B', 0, 0, 1) ('I', 0, 6, 0) ('C', 0, 0, 2) ('O', 0, 7, 13) ('I', 0, 6, 3) ('I', 0, 1, 3) ('L', 4, 8, 4) ('S', 0, 0, 5) ('S', 1, 6, 5) ('O', 0, 3, 10) ('B', 1, 0, 13) ('O', 0, 2, 1) ('T', 1, 8, 9) ('T', 2, 7, 7) ('B', 1, 1, 13) ('S', 2, 2, 7) ('L', 2, 2, 12) ('O', 0, 2, 5) ('S', 1, 7, 1) ('B', 1, 4, 1) ('J', 3, 5, 1) ('I', 0, 2, 0) ('C', 3, 5, 8) ('T', 0, 0, 11) ('J', 0, 4, 5) 
('S', 2, 6, 10) ('L', 2, 3, 13) ('B', 0, 0, 0) ('B', 0, 0, 1) ('I', 0, 6, 0) ('C', 0, 0, 2) ('O', 0, 7, 13) ('I', 0, 6, 3) ('I', 0, 1, 3) ('L', 4, 8, 4) ('S', 0, 0, 5) ('S', 1, 6, 5) ('O', 0, 3, 10) ('B', 1, 0, 13) ('O', 0, 2, 1) ('T', 1, 8, 9) ('T', 2, 7, 7) ('B', 1, 1, 13) ('S', 2, 2, 7) ('L', 2, 2, 12) ('O', 0, 2, 5) ('S', 1, 7, 1) ('B', 1, 4, 1) ('J', 3, 5, 1) ('I', 0, 2, 0) ('C', 3, 5, 8) ('T', 0, 0, 11) ('J', 2, 4, 5) 
('S', 2, 6, 10) ('L', 2, 3, 13) ('B', 0, 0, 0) ('B', 0, 0, 1) ('I', 0, 6, 0) ('C', 0, 0, 2) ('O', 0, 7, 13) ('I', 0, 6, 3) ('I', 0, 1, 3) ('L', 4, 8, 4) ('S', 0, 0, 5) ('S', 1, 6, 5) ('O', 0, 3, 10) ('B', 1, 0, 13) ('O', 0, 2, 1) ('T', 1, 8, 9) ('T', 2, 7, 7) ('B', 1, 1, 13) ('S', 2, 2, 7) ('L', 2, 2, 12) ('O', 0, 2, 5) ('S', 1, 7, 1) ('B', 1, 4, 1) ('J', 3, 5, 1) ('I', 0, 2, 0) ('C', 3, 5, 8) ('T', 0, 0, 11) ('J', 3, 4, 5) 
('S', 2, 6, 10) ('L', 2, 3, 13) ('B', 0, 0, 0) ('B', 0, 0, 1) ('I', 0, 6, 0) ('C', 0, 0, 2) ('O', 0, 7, 13) ('I', 0, 6, 3) ('I', 0, 1, 3) ('L', 4, 8, 4) ('S', 0, 0, 5) ('S', 1, 6, 5) ('O', 0, 3, 10) ('B', 1, 0, 13) ('O', 0, 2, 1) ('T', 1, 8, 9) ('T', 2, 7, 7) ('B', 1, 1, 13) ('S', 2, 2, 7) ('L', 2, 2, 12) ('O', 0, 2, 5) ('S', 1, 7, 1) ('B', 1, 4, 1) ('J', 3, 5, 1) ('I', 0, 2, 0) ('C', 1, 5, 8) ('T', 0, 0, 11) ('J', 3, 4, 5) 
('S', 2, 6, 10) ('L', 2, 3, 13) ('B', 0, 0, 0) ('B', 0, 0, 1) ('I', 0, 6, 0) ('C', 0, 0, 2) ('O', 0, 7, 13) ('I', 0, 6, 3) ('I', 0, 1, 3) ('L', 4, 8, 4) ('S', 0, 0, 5) ('S', 1, 6, 5) ('O', 0, 3, 10) ('B', 1, 0, 13) ('O', 0, 2, 1) ('T', 1, 8, 9) ('T', 2, 7, 7) ('B', 1, 1, 13) ('S', 2, 2, 7) ('L', 2, 2, 12) ('O', 0, 2, 4) ('S', 1, 7, 1) ('B', 1, 4, 1) ('J', 3, 5, 1) ('I', 0, 2, 0) ('C', 1, 5, 8) ('T', 0, 0, 11) ('J', 3, 4, 5) 
('S', 2, 6, 10) ('L', 2, 3, 13) ('B', 0, 0, 0) ('B', 0, 0, 1) ('I', 0, 6, 0) ('C', 0, 0, 2) ('O', 0, 7, 13) ('I', 0, 6, 3) ('I', 0, 1, 3) ('L', 4, 8, 4) ('S', 0, 0, 5) ('S', 1, 6, 5) ('O', 0, 3, 10) ('B', 1, 0, 13) ('O', 0, 2, 1) ('T', 1, 8, 9) ('T', 2, 7, 7) ('B', 1, 1, 13) ('S', 2, 2, 7) ('L', 2, 2, 12) ('O', 0, 2, 4) ('S', 1, 7, 1) ('B', 1, 4, 1) ('J', 3, 5, 1) ('I', 0, 2, 0) ('C', 1, 5, 8) ('T', 0, 0, 11) ('J', 3, 4, 5) ('T', 1, 0, 8) 
('S', 2, 6, 10) ('L', 2, 3, 13) ('B', 0, 0, 0) ('B', 0, 0, 1) ('I', 0, 6, 0) ('C', 0, 0, 2) ('O', 0, 7, 13) ('I', 0, 6, 3) ('I', 0, 1, 3) ('L', 4, 8, 4) ('S', 0, 0, 5) ('S', 1, 6, 5) ('O', 0, 3, 10) ('B', 1, 0, 13) ('O', 0, 2, 1) ('T', 1, 8, 9) ('T', 2, 7, 7) ('B', 1, 1, 13) ('S', 2, 2, 7) ('L', 2, 2, 12) ('O', 0, 2, 4) ('S', 3, 7, 1) ('B', 1, 4, 1) ('J', 3, 5, 1) ('I', 0, 2, 0) ('C', 1, 5, 8) ('T', 0, 0, 11) ('J', 3, 4, 5) ('T', 1, 0, 8) 
('S', 2, 6, 10) ('L', 2, 3, 13) ('B', 0, 0, 0) ('B', 0, 0, 1) ('I', 0, 6, 0) ('C', 0, 0, 2) ('O', 0, 8, 13) ('I', 0, 6, 3) ('I', 0, 1, 3) ('L', 4, 8, 4) ('S', 0, 0, 5) ('S', 1, 6, 5) ('O', 0, 3, 10) ('B', 1, 0, 13) ('O', 0, 2, 1) ('T', 1, 8, 9) ('T', 2, 7, 7) ('B', 1, 1, 13) ('S', 2, 2, 7) ('L', 2, 2, 12) ('O', 0, 2, 4) ('S', 3, 7, 1) ('B', 1, 4, 1) ('J', 3, 5, 1) ('I', 0, 2, 0) ('C', 1, 5, 8) ('T', 0, 0, 11) ('J', 3, 4, 5) ('T', 1, 0, 8) 
('S', 2, 6, 10) ('L', 2, 3, 13) ('B', 0, 0, 0) ('B', 0, 0, 1) ('I', 0, 6, 0) ('C', 0, 0, 2) ('O', 0, 8, 13) ('I', 0, 6, 3) ('I', 0, 1, 3) ('L', 4, 8, 4) ('S', 0, 0, 5) ('S', 1, 6, 5) ('O', 0, 3, 10) ('B', 1, 0, 13) ('O', 0, 2, 1) ('T', 1, 8, 9) ('T', 2, 7, 7) ('B', 1, 1, 13) ('S', 2, 2, 7) ('L', 2, 2, 12) ('O', 0, 2, 4) ('S', 3, 7, 1) ('B', 1, 4, 1) ('J', 3, 5, 1) ('I', 0, 2, 0) ('C', 1, 5, 8) ('T', 0, 0, 11) ('J', 3, 4, 4) ('T', 1, 0, 8) 
('S', 2, 6, 10) ('L', 2, 3, 13) ('B', 0, 0, 0) ('B', 0, 0, 1) ('I', 0, 6, 0) ('C', 0, 0, 2) ('O', 0, 8, 13) ('I', 0, 6, 3) ('I', 0, 1, 3) ('L', 4, 8, 4) ('S', 0, 0, 5) ('S', 1, 6, 5) ('O', 0, 3, 10) ('B', 1, 0, 13) ('O', 0, 2, 1) ('T', 1, 8, 9) ('T', 2, 7, 7) ('B', 1, 1, 13) ('S', 2, 2, 7) ('L', 2, 2, 12) ('O', 0, 2, 4) ('S', 1, 7, 1) ('B', 1, 4, 1) ('J', 3, 5, 1) ('I', 0, 2, 0) ('C', 1, 5, 8) ('T', 0, 0, 11) ('J', 3, 4, 4) ('T', 1, 0, 8) 
('S', 0, 6, 10) ('L', 2, 3, 13) ('B', 0, 0, 0) ('B', 0, 0, 1) ('I', 0, 6, 0) ('C', 0, 0, 2) ('O', 0, 8, 13) ('I', 0, 6, 3) ('I', 0, 1, 3) ('L', 4, 8, 4) ('S', 0, 0, 5) ('S', 1, 6, 5) ('O', 0, 3, 10) ('B', 1, 0, 13) ('O', 0, 2, 1) ('T', 1, 8, 9) ('T', 2, 7, 7) ('B', 1, 1, 13) ('S', 2, 2, 7) ('L', 2, 2, 12) ('O', 0, 2, 4) ('S', 1, 7, 1) ('B', 1, 4, 1) ('J', 3, 5, 1) ('I', 0, 2, 0) ('C', 1, 5, 8) ('T', 0, 0, 11) ('J', 3, 4, 4) ('T', 1, 0, 8) 
('S', 0, 5, 11) ('L', 2, 3, 13) ('B', 0, 0, 0) ('B', 0, 0, 1) ('I', 0, 6, 0) ('C', 0, 0, 2) ('O', 0, 8, 13) ('I', 0, 6, 3) ('I', 0, 1, 3) ('L', 4, 8, 4) ('S', 0, 0, 5) ('S', 1, 6, 5) ('O', 0, 3, 10) ('B', 1, 0, 13) ('O', 0, 2, 1) ('T', 1, 8, 9) ('T', 2, 7, 7) ('B', 1, 1, 13) ('S', 2, 2, 7) ('L', 2, 2, 12) ('O', 0, 2, 4) ('S', 1, 7, 1) ('B', 1, 4, 1) ('J', 3, 5, 1) ('I', 0, 2, 0) ('C', 1, 5, 8) ('T', 0, 0, 11) ('J', 3, 4, 4) ('T', 1, 0, 8) 
('S', 0, 6, 11) ('L', 2, 3, 13) ('B', 0, 0, 0) ('B', 0, 0, 1) ('I', 0, 6, 0) ('C', 0, 0, 2) ('O', 0, 8, 13) ('I', 0, 6, 3) ('I', 0, 1, 3) ('L', 4, 8, 4) ('S', 0, 0, 5) ('S', 1, 6, 5) ('O', 0, 3, 10) ('B', 1, 0, 13) ('O', 0, 2, 1) ('T', 1, 8, 9) ('T', 2, 7, 7) ('B', 1, 1, 13) ('S', 2, 2, 7) ('L', 2, 2, 12) ('O', 0, 2, 4) ('S', 1, 7, 1) ('B', 1, 4, 1) ('J', 3, 5, 1) ('I', 0, 2, 0) ('C', 1, 5, 8) ('T', 0, 0, 11) ('J', 3, 4, 4) ('T', 1, 0, 8) 
('S', 0, 6, 11) ('L', 2, 3, 13) ('B', 0, 0, 0) ('B', 0, 0, 1) ('I', 0, 6, 0) ('C', 0, 0, 2) ('O', 0, 8, 13) ('I', 0, 6, 3) ('I', 0, 1, 3) ('L', 4, 8, 4) ('S', 0, 0, 5) ('S', 1, 6, 5) ('O', 0, 3, 10) ('B', 1, 0, 13) ('O', 0, 2, 1) ('T', 1, 8, 9) ('T', 2, 7, 7) ('B', 1, 1, 13) ('S', 2, 2, 6) ('L', 2, 2, 12) ('O', 0, 2, 4) ('S', 1, 7, 1) ('B', 1, 4, 1) ('J', 3, 5, 1) ('I', 0, 2, 0) ('C', 1, 5, 8) ('T', 0, 0, 11) ('J', 3, 4, 4) ('T', 1, 0, 8) 
('S', 0, 6, 11) ('L', 2, 3, 13) ('B', 0, 0, 0) ('B', 0, 0, 1) ('I', 0, 6, 0) ('C', 0, 0, 2) ('O', 0, 8, 13) ('I', 0, 6, 3) ('I', 0, 1, 3) ('L', 4, 8, 4) ('S', 0, 0, 5) ('S', 1, 6, 5) ('O', 0, 3, 10) ('B', 1, 0, 13) ('O', 0, 2, 1) ('T', 1, 8, 9) ('T', 2, 7, 7) ('B', 1, 1, 13) ('S', 2, 2, 6) ('L', 2, 2, 12) ('O', 0, 2, 4) ('S', 1, 7, 1) ('B', 1, 4, 1) ('J', 3, 5, 1) ('I', 0, 2, 0) ('C', 1, 5, 9) ('T', 0, 0, 11) ('J', 3, 4, 4) ('T', 1, 0, 8) 
('S', 0, 6, 11) ('L', 2, 3, 13) ('B', 0, 0, 0) ('B', 0, 0, 1) ('I', 0, 6, 0) ('C', 0, 0, 2) ('O', 0, 8, 13) ('I', 0, 6, 3) ('I', 0, 1, 3) ('L', 4, 8, 4) ('S', 0, 0, 5) ('S', 1, 6, 5) ('O', 0, 3, 10) ('B', 1, 0, 13) ('O', 0, 2, 1) ('T', 1, 8, 9) ('T', 2, 7, 7) ('B', 1, 1, 13) ('S', 2, 2, 6) ('L', 2, 2, 12) ('O', 0, 2, 4) ('S', 1, 7, 1) ('B', 1, 4, 1) ('J', 3, 5, 1) ('I', 0, 2, 0) ('C', 1, 5, 9) ('T', 0, 0, 11) ('J', 3, 4, 4) ('T', 1, 0, 8) ('J', 3, 3, 8) 
('S', 0, 6, 12) ('L', 2, 3, 13) ('B', 0, 0, 0) ('B', 0, 0, 1) ('I', 0, 6, 0) ('C', 0, 0, 2) ('O', 0, 8, 13) ('I', 0, 6, 3) ('I', 0, 1, 3) ('L', 4, 8, 4) ('S', 0, 0, 5) ('S', 1, 6, 5) ('O', 0, 3, 10) ('B', 1, 0, 13) ('O', 0, 2, 1) ('T', 1, 8, 9) ('T', 2, 7, 7) ('B', 1, 1, 13) ('S', 2, 2, 6) ('L', 2, 2, 12) ('O', 0, 2, 4) ('S', 1, 7, 1) ('B', 1, 4, 1) ('J', 3, 5, 1) ('I', 0, 2, 0) ('C', 0, 5, 9) ('T', 0, 0, 11) ('J', 3, 4, 4) ('T', 1, 0, 8) ('J', 3, 3, 8) 
('S', 0, 6, 12) ('L', 2, 3, 13) ('B', 0, 0, 0) ('B', 0, 0, 1) ('I', 0, 6, 0) ('C', 0, 0, 2) ('O', 0, 8, 13) ('I', 0, 6, 3) ('I', 0, 1, 3) ('L', 4, 8, 4) ('S', 0, 0, 5) ('S', 1, 6, 5) ('O', 0, 3, 10) ('B', 1, 0, 13) ('O', 0, 2, 1) ('T', 1, 8, 9) ('T', 2, 7, 7) ('B', 1, 1, 13) ('S', 2, 2, 6) ('L', 2, 2, 12) ('O', 0, 2, 4) ('S', 1, 7, 1) ('B', 1, 4, 1) ('J', 3, 5, 1) ('I', 0, 2, 0) ('C', 0, 5, 9) ('T', 0, 0, 11) ('J', 3, 4, 4) ('T', 1, 0, 8) ('J', 0, 3, 8) 
('S', 0, 6, 12) ('L', 2, 3, 13) ('B', 0, 0, 0) ('B', 0, 0, 1) ('I', 0, 6, 0) ('C', 0, 0, 2) ('O', 0, 8, 13) ('I', 0, 6, 3) ('I', 0, 1, 3) ('L', 4, 8, 4) ('S', 0, 0, 5) ('S', 1, 6, 5) ('O', 0, 3, 10) ('B', 1, 0, 13) ('O', 0, 2, 1) ('T', 1, 8, 10) ('T', 2, 7, 7) ('B', 1, 1, 13) ('S', 2, 2, 6) ('L', 2, 2, 12) ('O', 0, 2, 4) ('S', 1, 7, 1) ('B', 1, 4, 1) ('J', 3, 5, 1) ('I', 0, 2, 0) ('C', 0, 5, 9) ('T', 0, 0, 11) ('J', 3, 4, 4) ('T', 1, 0, 8) ('J', 0, 3, 8) 
('S', 0, 6, 12) ('L', 2, 3, 13) ('B', 0, 0, 0) ('B', 0, 0, 1) ('I', 0, 6, 0) ('C', 0, 0, 2) ('O', 0, 8, 13) ('I', 0, 6, 3) ('I', 0, 1, 3) ('L', 4, 8, 4) ('S', 0, 0, 5) ('S', 1, 6, 5) ('O', 0, 3, 10) ('B', 1, 0, 13) ('O', 0, 2, 1) ('T', 1, 8, 10) ('T', 2, 7, 7) ('B', 1, 1, 13) ('S', 2, 2, 6) ('L', 2, 2, 12) ('O', 0, 2, 4) ('S', 1, 7, 1) ('B', 1, 4, 1) ('J', 3, 5, 1) ('I', 0, 2, 0) ('C', 0, 5, 9) ('T', 0, 0, 11) ('J', 3, 4, 4) ('T', 1, 0, 8) ('J', 0, 3, 8) ('J', 1, 4, 6) 
('S', 0, 6, 12) ('L', 2, 3, 13) ('B', 0, 0, 0) ('B', 0, 0, 1) ('I', 0, 6, 0) ('C', 0, 0, 2) ('O', 0, 8, 13) ('I', 0, 6, 3) ('I', 0, 1, 3) ('L', 4, 8, 4) ('S', 0, 0, 5) ('S', 1, 6, 5) ('O', 0, 3, 10) ('B', 1, 0, 13) ('O', 0, 2, 1) ('T', 1, 8, 10) ('T', 2, 7, 7) ('B', 1, 1, 13) ('S', 2, 2, 6) ('L', 2, 2, 12) ('O', 0, 2, 4) ('S', 1, 7, 1) ('B', 1, 4, 1) ('J', 3, 5, 1) ('I', 0, 2, 0) ('C', 0, 5, 9) ('T', 0, 0, 11) ('J', 3, 4, 4) ('T', 1, 0, 8) ('J', 0, 3, 8) ('J', 3, 4, 6) 
('S', 0, 6, 12) ('L', 2, 3, 13) ('B', 0, 0, 0) ('B', 0, 0, 1) ('I', 0, 6, 0) ('C', 0, 0, 2) ('O', 0, 8, 13) ('I', 0, 6, 3) ('I', 0, 1, 3) ('L', 4, 8, 4) ('S', 0, 0, 5) ('S', 1, 6, 5) ('O', 0, 3, 10) ('B', 1, 0, 13) ('O', 0, 2, 1) ('T', 1, 8, 10) ('T', 2, 7, 7) ('B', 1, 1, 13) ('S', 2, 2, 6) ('L', 2, 2, 12) ('O', 0, 2, 4) ('S', 1, 7, 1) ('B', 1, 4, 1) ('J', 3, 5, 1) ('I', 0, 2, 0) ('C', 0, 5, 9) ('T', 0, 0, 11) ('J', 3, 4, 4) ('T', 3, 0, 8) ('J', 0, 3, 8) ('J', 3, 4, 6) 
('S', 0, 6, 12) ('L', 2, 3, 13) ('B', 0, 0, 0) ('B', 0, 0, 1) ('I', 0, 6, 0) ('C', 0, 0, 2) ('O', 0, 8, 13) ('I', 0, 6, 3) ('I', 0, 1, 3) ('L', 4, 8, 4) ('S', 0, 0, 5) ('S', 1, 6, 5) ('O', 0, 3, 10) ('B', 1, 0, 13) ('O', 0, 2, 1) ('T', 1, 8, 10) ('T', 2, 7, 7) ('B', 1, 1, 13) ('S', 2, 2, 6) ('L', 2, 2, 12) ('O', 0, 2, 4) ('S', 1, 7, 1) ('B', 1, 4, 1) ('J', 3, 5, 1) ('I', 0, 2, 0) ('C', 0, 6, 9) ('T', 0, 0, 11) ('J', 3, 4, 4) ('T', 3, 0, 8) ('J', 0, 3, 8) ('J', 3, 4, 6) 
('S', 0, 6, 12) ('L', 2, 3, 13) ('B', 0, 0, 0) ('B', 0, 0, 1) ('I', 0, 6, 0) ('C', 0, 0, 2) ('O', 0, 8, 13) ('I', 0, 6, 3) ('I', 0, 1, 3) ('L', 4, 8, 4) ('S', 0, 0, 5) ('S', 1, 6, 5) ('O', 0, 3, 10) ('B', 1, 0, 13) ('O', 0, 2, 1) ('T', 1, 8, 10) ('T', 2, 7, 7) ('B', 1, 1, 13) ('S', 2, 2, 6) ('L', 2, 2, 12) ('O', 0, 2, 4) ('S', 1, 7, 1) ('B', 1, 4, 1) ('J', 3, 5, 1) ('I', 0, 2, 0) ('C', 1, 6, 9) ('T', 0, 0, 11) ('J', 3, 4, 4) ('T', 3, 0, 8) ('J', 0, 3, 8) ('J', 3, 4, 6) 
('S', 0, 6, 12) ('L', 2, 3, 13) ('B', 0, 0, 0) ('B', 0, 0, 1) ('I', 0, 6, 0) ('C', 0, 0, 2) ('O', 0, 8, 13) ('I', 0, 6, 3) ('I', 0, 1, 3) ('L', 4, 8, 4) ('S', 0, 0, 5) ('S', 1, 6, 5) ('O', 0, 3, 10) ('B', 1, 0, 13) ('O', 0, 2, 1) ('T', 1, 8, 10) ('T', 2, 7, 7) ('B', 1, 1, 13) ('S', 2, 2, 6) ('L', 2, 2, 12) ('O', 0, 2, 4) ('S', 1, 7, 1) ('B', 1, 4, 1) ('J', 2, 5, 1) ('I', 0, 2, 0) ('C', 1, 6, 9) ('T', 0, 0, 11) ('J', 3, 4, 4) ('T', 3, 0, 8) ('J', 0, 3, 8) ('J', 3, 4, 6) 
('S', 2, 6, 12) ('L', 2, 3, 13) ('B', 0, 0, 0) ('B', 0, 0, 1) ('I', 0, 6, 0) ('C', 0, 0, 2) ('O', 0, 8, 13) ('I', 0, 6, 3) ('I', 0, 1, 3) ('L', 4, 8, 4) ('S', 0, 0, 5) ('S', 1, 6, 5) ('O', 0, 3, 10) ('B', 1, 0, 13) ('O', 0, 2, 1) ('T', 1, 8, 10) ('T', 2, 7, 7) ('B', 1, 1, 13) ('S', 2, 2, 6) ('L', 2, 2, 12) ('O', 0, 2, 4) ('S', 1, 7, 1) ('B', 1, 4, 1) ('J', 2, 5, 1) ('I', 0, 2, 0) ('C', 1, 6, 9) ('T', 0, 0, 11) ('J', 3, 4, 4) ('T', 3, 0, 8) ('J', 0, 3, 8) ('J', 3, 4, 6) 
('S', 2, 6, 12) ('L', 2, 3, 13) ('B', 0, 0, 0) ('B', 0, 0, 1) ('I', 0, 6, 0) ('C', 0, 0, 2) ('O', 0, 8, 13) ('I', 0, 6, 3) ('I', 0, 1, 3) ('L', 4, 8, 4) ('S', 0, 0, 5) ('S', 1, 6, 5) ('O', 0, 3, 10) ('B', 1, 0, 13) ('O', 0, 2, 1) ('T', 1, 8, 10) ('T', 2, 7, 7) ('B', 1, 1, 13) ('S', 2, 2, 6) ('L', 2, 2, 12) ('O', 0, 2, 4) ('S', 1, 7, 1) ('B', 1, 4, 1) ('J', 2, 5, 1) ('I', 0, 2, 0) ('C', 1, 6, 9) ('T', 0, 0, 11) ('J', 3, 4, 4) ('T', 3, 0, 8) ('J', 0, 3, 8) ('J', 3, 4, 6) ('O', 0, 5, 11) 
('S', 2, 6, 12) ('L', 2, 3, 13) ('B', 0, 0, 0) ('B', 0, 0, 1) ('I', 0, 6, 0) ('C', 0, 0, 2) ('O', 0, 8, 13) ('I', 0, 6, 3) ('I', 0, 1, 3) ('L', 4, 8, 4) ('S', 0, 0, 5) ('S', 3, 6, 5) ('O', 0, 3, 10) ('B', 1, 0, 13) ('O', 0, 2, 1) ('T', 1, 8, 10) ('T', 2, 7, 7) ('B', 1, 1, 13) ('S', 2, 2, 6) ('L', 2, 2, 12) ('O', 0, 2, 4) ('S', 1, 7, 1) ('B', 1, 4, 1) ('J', 2, 5, 1) ('I', 0, 2, 0) ('C', 1, 6, 9) ('T', 0, 0, 11) ('J', 3, 4, 4) ('T', 3, 0, 8) ('J', 0, 3, 8) ('J', 3, 4, 6) ('O', 0, 5, 11) 
('S', 2, 6, 12) ('L', 2, 3, 13) ('B', 0, 0, 0) ('B', 0, 0, 1) ('I', 0, 6, 0) ('C', 0, 0, 2) ('O', 0, 8, 13) ('I', 0, 6, 3) ('I', 0, 1, 3) ('L', 4, 8, 4) ('S', 0, 0, 5) ('S', 3, 6, 5) ('O', 0, 3, 10) ('B', 1, 0, 13) ('O', 0, 2, 1) ('T', 1, 8, 10) ('T', 2, 7, 7) ('B', 1, 1, 13) ('S', 2, 2, 6) ('L', 2, 2, 12) ('O', 0, 2, 4) ('S', 1, 7, 1) ('B', 1, 4, 1) ('J', 2, 5, 1) ('I', 0, 2, 0) ('C', 1, 6, 9) ('T', 0, 0, 11) ('J', 3, 4, 4) ('T', 3, 0, 8) ('J', 0, 3, 8) ('J', 3, 4, 6) ('O', 0, 5, 11) ('I', 1, 5, 7) 
('S', 2, 6, 12) ('L', 2, 3, 13) ('B', 0, 0, 0) ('B', 0, 0, 1) ('I', 0, 6, 0) ('C', 0, 0, 2) ('O', 0, 8, 13) ('I', 0, 6, 3) ('I', 0, 1, 3) ('L', 4, 8, 4) ('S', 2, 0, 5) ('S', 3, 6, 5) ('O', 0, 3, 10) ('B', 1, 0, 13) ('O', 0, 2, 1) ('T', 1, 8, 10) ('T', 2, 7, 7) ('B', 1, 1, 13) ('S', 2, 2, 6) ('L', 2, 2, 12) ('O', 0, 2, 4) ('S', 1, 7, 1) ('B', 1, 4, 1) ('J', 2, 5, 1) ('I', 0, 2, 0) ('C', 1, 6, 9) ('T', 0, 0, 11) ('J', 3, 4, 4) ('T', 3, 0, 8) ('J', 0, 3, 8) ('J', 3, 4, 6) ('O', 0, 5, 11) ('I', 1, 5, 7) 
