
('S', 0, 1, 9) 
('S', 0, 1, 9) ('T', 2, 6, 2) 
('S', 0, 1, 9) ('T', 2, 6, 2) ('C', 0, 3, 12) 
('S', 2, 1, 9) ('T', 2, 6, 2) ('C', 0, 3, 12) 
('S', 2, 1, 9) ('T', 2, 5, 1) ('C', 0, 3, 12) 
('S', 2, 1, 9) ('T', 2, 5, 1) ('C', 0, 3, 12) ('B', 0, 0, 4) 
('S', 2, 1, 9) ('T', 2, 5, 1) ('C', 0, 3, 12) ('B', 0, 0, 4) ('B', 0, 7, 2) 
('S', 2, 1, 9) ('T', 2, 5, 1) ('C', 0, 3, 12) ('B', 0, 0, 4) ('B', 0, 7, 2) ('J', 1, 0, 8) 
('S', 2, 1, 9) ('T', 2, 5, 1) ('C', 0, 3, 12) ('B', 0, 0, 4) ('B', 0, 8, 2) ('J', 1, 0, 8) 
('S', 2, 1, 9) ('T', 2, 5, 1) ('C', 0, 3, 12) ('B', 0, 0, 4) ('B', 0, 8, 2) ('J', 1, 0, 8) ('O', 0, 2, 3) 
('S', 2, 1, 9) ('T', 2, 5, 1) ('C', 0, 3, 12) ('B', 0, 0, 3) ('B', 0, 8, 2) ('J', 1, 0, 8) ('O', 0, 2, 3) ('C', 1, 5, 7) 
('S', 2, 1, 9) ('T', 2, 5, 1) ('C', 0, 3, 12) ('B', 0, 0, 3) ('B', 0, 8, 2) ('J', 1, 0, 8) ('O', 0, 2, 3) ('C', 1, 5, 7) ('L', 2, 0, 13) 
('S', 2, 1, 9) ('T', 2, 5, 1) ('C', 0, 3, 12) ('B', 0, 0, 3) ('B', 0, 8, 2) ('J', 1, 0, 8) ('O', 0, 2, 3) ('C', 1, 5, 7) ('L', 2, 0, 13) ('O', 0, 8, 13) 
('S', 2, 1, 9) ('T', 2, 5, 1) ('C', 0, 3, 12) ('B', 1, 0, 3) ('B', 0, 8, 2) ('J', 1, 0, 8) ('O', 0, 2, 3) ('C', 1, 5, 7) ('L', 2, 0, 13) ('O', 0, 8, 13) 
('S', 2, 1, 9) ('T', 2, 5, 1) ('C', 0, 3, 12) ('B', 1, 0, 3) ('B', 0, 8, 2) ('J', 3, 0, 8) ('O', 0, 2, 3) ('C', 1, 5, 7) ('L', 2, 0, 13) ('O', 0, 8, 13) 
('S', 2, 1, 9) ('T', 2, 5, 1) ('C', 0, 3, 12) ('B', 1, 1, 2) ('B', 0, 8, 2) ('J', 3, 0, 8) ('O', 0, 2, 3) ('C', 1, 5, 7) ('L', 2, 0, 13) ('O', 0, 8, 13) 
('S', 2, 1, 9) ('T', 2, 5, 1) ('C', 0, 3, 12) ('B', 1, 1, 2) ('B', 0, 8, 2) ('J', 3, 0, 8) ('O', 0, 2, 3) ('C', 1, 5, 7) ('L', 2, 0, 13) ('O', 0, 8, 13) ('C', 0, 6, 9) 
('S', 2, 1, 9) ('T', 2, 5, 1) ('C', 0, 3, 12) ('B', 1, 1, 2) ('B', 0, 8, 2) ('J', 3, 0, 8) ('O', 0, 2, 3) ('C', 1, 5, 7) ('L', 2, 0, 13) ('O', 0, 8, 13) ('C', 0, 6, 9) ('I', 0, 5, 3) 
('S', 2, 1, 9) ('T', 2, 5, 1) ('C', 0, 3, 12) ('B', 1, 1, 2) ('B', 0, 8, 2) ('J', 3, 0, 8) ('O', 0, 2, 3) ('C', 1, 5, 7) ('L', 2, 0, 13) ('O', 0, 8, 13) ('C', 0, 6, 9) ('I', 0, 5, 3) ('I', 1, 8, 6) 
('S', 2, 1, 9) ('T', 2, 5, 1) ('C', 0, 3, 12) ('B', 1, 1, 2) ('B', 0, 8, 2) ('J', 3, 0, 8) ('O', 0, 2, 3) ('C', 1, 5, 7) ('L', 2, 0, 13) ('O', 0, 8, 13) ('C', 0, 6, 9) ('I', 0, 5, 3) ('I', 1, 8, 6) ('L', 6, 3, 0) 
('S', 2, 1, 9) ('T', 2, 5, 1) ('C', 0, 3, 12) ('B', 1, 1, 2) ('B', 0, 8, 2) ('J', 3, 0, 8) ('O', 0, 2, 3) ('C', 1, 5, 7) ('L', 2, 0, 13) ('O', 0, 8, 13) ('C', 0, 6, 9) ('I', 0, 5, 3) ('I', 1, 8, 6) ('L', 6, 3, 0) ('S', 3, 5, 4) 
('S', 2, 1, 9) ('T', 2, 5, 1) ('C', 0, 3, 12) ('B', 1, 1, 2) ('B', 0, 8, 2) ('J', 3, 0, 8) ('O', 0, 2, 3) ('C', 1, 5, 7) ('L', 2, 0, 13) ('O', 0, 8, 13) ('C', 0, 6, 10) ('I', 0, 5, 3) ('I', 1, 8, 6) ('L', 6, 3, 0) ('S', 3, 5, 4) 
('S', 2, 1, 9) ('T', 2, 5, 1) ('C', 0, 3, 12) ('B', 1, 1, 2) ('B', 0, 8, 2) ('J', 3, 0, 8) ('O', 0, 2, 3) ('C', 1, 5, 7) ('L', 2, 0, 13) ('O', 0, 8, 13) ('C', 0, 6, 10) ('I', 0, 5, 3) ('I', 1, 8, 6) ('L', 6, 3, 0) ('S', 3, 5, 4) ('L', 6, 3, 10) 
('S', 2, 1, 9) ('T', 2, 5, 1) ('C', 0, 3, 12) ('B', 1, 1, 2) ('B', 0, 8, 2) ('J', 3, 0, 8) ('O', 0, 2, 3) ('C', 1, 5, 7) ('L', 2, 0, 13) ('O', 0, 8, 13) ('C', 0, 6, 11) ('I', 0, 5, 3) ('I', 1, 8, 6) ('L', 5, 3, 0) ('S', 3, 5, 4) ('L', 6, 3, 10) 
('S', 2, 1, 9) ('T', 2, 5, 1) ('C', 0, 3, 12) ('B', 1, 1, 2) ('B', 0, 8, 2) ('J', 3, 0, 8) ('O', 0, 2, 3) ('C', 1, 5, 7) ('L', 2, 0, 13) ('O', 0, 8, 13) ('C', 0, 6, 11) ('I', 0, 6, 3) ('I', 1, 8, 6) ('L', 5, 3, 0) ('S', 3, 5, 4) ('L', 6, 3, 10) 
('S', 2, 1, 9) ('T', 2, 5, 1) ('C', 0, 3, 12) ('B', 1, 1, 2) ('B', 0, 8, 2) ('J', 0, 0, 8) ('O', 0, 2, 3) ('C', 1, 5, 7) ('L', 2, 0, 13) ('O', 0, 8, 13) ('C', 0, 6, 11) ('I', 0, 6, 3) ('I', 1, 8, 6) ('L', 5, 3, 0) ('S', 3, 5, 4) ('L', 6, 3, 10) 
('S', 2, 1, 9) ('T', 2, 5, 1) ('C', 0, 3, 12) ('B', 1, 1, 2) ('B', 0, 8, 2) ('J', 0, 0, 8) ('O', 0, 2, 3) ('C', 1, 5, 7) ('L', 2, 0, 13) ('O', 0, 8, 13) ('C', 0, 6, 11) ('I', 0, 6, 3) ('I', 1, 8, 6) ('L', 5, 3, 0) ('S', 3, 5, 4) ('L', 6, 3, 10) ('S', 3, 0, 6) 
('S', 2, 1, 9) ('T', 2, 5, 1) ('C', 0, 3, 12) ('B', 1, 1, 2) ('B', 0, 8, 2) ('J', 0, 0, 8) ('O', 0, 2, 3) ('C', 2, 5, 7) ('L', 2, 0, 13) ('O', 0, 8, 13) ('C', 0, 6, 11) ('I', 0, 6, 3) ('I', 1, 8, 6) ('L', 5, 3, 0) ('S', 3, 5, 4) ('L', 6, 3, 10) ('S', 3, 0, 6) 
('S', 2, 1, 9) ('T', 2, 5, 1) ('C', 0, 3, 12) ('B', 0, 1, 2) ('B', 0, 8, 2) ('J', 0, 0, 8) ('O', 0, 2, 3) ('C', 2, 5, 7) ('L', 2, 0, 13) ('O', 0, 8, 13) ('C', 0, 6, 11) ('I', 0, 6, 3) ('I', 1, 8, 6) ('L', 5, 3, 0) ('S', 3, 5, 4) ('L', 6, 3, 10) ('S', 3, 0, 6) 
('S', 2, 1, 9) ('T', 2, 5, 1) ('C', 0, 3, 12) ('B', 0, 1, 2) ('B', 0, 8, 2) ('J', 0, 0, 8) ('O', 0, 2, 3) ('C', 2, 5, 7) ('L', 2, 0, 13) ('O', 0, 8, 13) ('C', 0, 6, 11) ('I', 0, 6, 3) ('I', 1, 8, 6) ('L', 5, 3, 0) ('S', 3, 5, 4) ('L', 3, 3, 10) ('S', 3, 0, 6) 
('S', 2, 1, 9) ('T', 2, 5, 1) ('C', 0, 3, 12) ('B', 0, 1, 2) ('B', 0, 8, 2) ('J', 0, 0, 8) ('O', 0, 2, 3) ('C', 2, 5, 7) ('L', 2, 0, 13) ('O', 0, 8, 13) ('C', 0, 6, 11) ('I', 0, 6, 3) ('I', 1, 8, 6) ('L', 5, 3, 0) ('S', 3, 5, 4) ('L', 3, 3, 10) ('S', 3, 0, 6) ('B', 1, 9, 11) 
('S', 2, 1, 9) ('T', 2, 5, 1) ('C', 0, 3, 12) ('B', 0, 1, 2) ('B', 0, 8, 2) ('J', 0, 0, 8) ('O', 0, 2, 3) ('C', 2, 5, 7) ('L', 2, 0, 13) ('O', 0, 8, 13) ('C', 2, 6, 11) ('I', 0, 6, 3) ('I', 1, 8, 6) ('L', 5, 3, 0) ('S', 3, 5, 4) ('L', 3, 3, 10) ('S', 3, 0, 6) ('B', 1, 9, 11) 
('S', 2, 1, 9) ('T', 2, 5, 1) ('C', 0, 3, 12) ('B', 0, 1, 2) ('B', 0, 8, 2) ('J', 0, 0, 8) ('O', 0, 2, 3) ('C', 2, 5, 7) ('L', 2, 0, 13) ('O', 0, 8, 13) ('C', 2, 6, 11) ('I', 0, 6, 3) ('I', 1, 8, 6) ('L', 5, 3, 0) ('S', 3, 5, 4) ('L', 3, 3, 10) ('S', 3, 0, 6) ('B', 1, 9, 11) ('J', 1, 8, 4) 
('S', 2, 1, 9) ('T', 2, 5, 1) ('C', 0, 3, 12) ('B', 0, 1, 2) ('B', 0, 8, 2) ('J', 0, 0, 8) ('O', 0, 2, 3) ('C', 2, 5, 7) ('L', 2, 0, 13) ('O', 0, 8, 13) ('C', 2, 6, 11) ('I', 0, 6, 3) ('I', 1, 8, 6) ('L', 5, 3, 0) ('S', 1, 5, 4) ('L', 3, 3, 10) ('S', 3, 0, 6) ('B', 1, 9, 11) ('J', 1, 8, 4) 
('S', 2, 1, 9) ('T', 2, 5, 1) ('C', 0, 3, 12) ('B', 0, 1, 2) ('B', 0, 8, 2) ('J', 0, 0, 8) ('O', 0, 2, 3) ('C', 2, 5, 7) ('L', 2, 0, 13) ('O', 0, 8, 13) ('C', 2, 6, 12) ('I', 0, 6, 3) ('I', 1, 8, 6) ('L', 5, 3, 0) ('S', 1, 5, 4) ('L', 3, 3, 10) ('S', 3, 0, 6) ('B', 1, 9, 11) ('J', 1, 8, 4) 
('S', 2, 1, 9) ('T', 2, 5, 1) ('C', 0, 3, 12) ('B', 1, 1, 2) ('B', 0, 8, 2) ('J', 0, 0, 8) ('O', 0, 2, 3) ('C', 2, 5, 7) ('L', 2, 0, 13) ('O', 0, 8, 13) ('C', 2, 6, 12) ('I', 0, 6, 3) ('I', 1, 8, 6) ('L', 5, 3, 0) ('S', 1, 5, 4) ('L', 3, 3, 10) ('S', 3, 0, 6) ('B', 1, 9, 11) ('J', 1, 8, 4) ('J', 1, 8, 0) 
('S', 2, 1, 9) ('T', 2, 5, 1) ('C', 0, 3, 12) ('B', 1, 1, 2) ('B', 0, 8, 2) ('J', 0, 0, 8) ('O', 0, 2, 3) ('C', 2, 5, 7) ('L', 2, 0, 13) ('O', 0, 8, 13) ('C', 2, 6, 12) ('I', 0, 6, 3) ('I', 1, 8, 6) ('L', 5, 3, 0) ('S', 1, 5, 4) ('L', 3, 3, 10) ('S', 3, 0, 6) ('B', 1, 9, 11) ('J', 1, 8, 4) ('J', 1, 8, 0) ('B', 1, 5, 12) 
('S', 2, 1, 9) ('T', 2, 5, 1) ('C', 0, 3, 12) ('B', 1, 1, 2) ('B', 0, 8, 2) ('J', 0, 0, 8) ('O', 0, 2, 3) ('C', 1, 5, 7) ('L', 2, 0, 13) ('O', 0, 8, 13) ('C', 2, 6, 12) ('I', 0, 6, 3) ('I', 1, 8, 6) ('L', 5, 3, 0) ('S', 1, 5, 4) ('L', 3, 3, 10) ('S', 3, 0, 6) ('B', 1, 9, 11) ('J', 1, 8, 4) ('J', 1, 8, 0) ('B', 1, 5, 12) 
('S', 2, 1, 9) ('T', 2, 5, 1) ('C', 0, 3, 12) ('B', 1, 1, 1) ('B', 0, 8, 2) ('J', 0, 0, 8) ('O', 0, 2, 3) ('C', 1, 5, 7) ('L', 2, 0, 13) ('O', 0, 8, 13) ('C', 2, 6, 12) ('I', 0, 6, 3) ('I', 1, 8, 6) ('L', 5, 3, 0) ('S', 1, 5, 4) ('L', 3, 3, 10) ('S', 3, 0, 6) ('B', 1, 9, 11) ('J', 1, 8, 4) ('J', 1, 8, 0) ('B', 1, 5, 12) 
('S', 2, 1, 10) ('T', 2, 5, 1) ('C', 0, 3, 12) ('B', 1, 1, 1) ('B', 0, 8, 2) ('J', 0, 0, 8) ('O', 0, 2, 3) ('C', 1, 5, 7) ('L', 2, 0, 13) ('O', 0, 8, 13) ('C', 2, 6, 12) ('I', 0, 6, 3) ('I', 1, 8, 6) ('L', 5, 3, 0) ('S', 1, 5, 4) ('L', 3, 3, 10) ('S', 3, 0, 6) ('B', 1, 9, 11) ('J', 1, 8, 4) ('J', 1, 8, 0) ('B', 1, 5, 12) 
('S', 2, 1, 10) ('T', 2, 5, 1) ('C', 0, 3, 12) ('B', 0, 1, 1) ('B', 0, 8, 2) ('J', 0, 0, 8) ('O', 0, 2, 3) ('C', 1, 5, 7) ('L', 2, 0, 13) ('O', 0, 8, 13) ('C', 2, 6, 12) ('I', 0, 6, 3) ('I', 1, 8, 6) ('L', 5, 3, 0) ('S', 1, 5, 4) ('L', 3, 3, 10) ('S', 3, 0, 6) ('B', 1, 9, 11) ('J', 1, 8, 4) ('J', 1, 8, 0) ('B', 1, 5, 12) 
('S', 2, 1, 10) ('T', 2, 5, 1) ('C', 0, 3, 12) ('B', 0, 1, 1) ('B', 0, 8, 2) ('J', 0, 0, 8) ('O', 0, 2, 3) ('C', 1, 5, 7) ('L', 2, 0, 13) ('O', 0, 8, 13) ('C', 2, 6, 12) ('I', 0, 6, 3) ('I', 1, 8, 6) ('L', 5, 3, 0) ('S', 1, 5, 4) ('L', 3, 3, 10) ('S', 1, 0, 6) ('B', 1, 9, 11) ('J', 1, 8, 4) ('J', 1, 8, 0) ('B', 1, 5, 12) 
('S', 2, 1, 10) ('T', 2, 5, 1) ('C', 0, 3, 12) ('B', 0, 1, 1) ('B', 0, 8, 2) ('J', 0, 0, 8) ('O', 0, 2, 3) ('C', 1, 5, 7) ('L', 2, 0, 13) ('O', 0, 8, 13) ('C', 2, 6, 12) ('I', 0, 6, 3) ('I', 1, 8, 6) ('L', 5, 3, 0) ('S', 1, 5, 4) ('L', 3, 3, 10) ('S', 1, 0, 6) ('B', 1, 9, 11) ('J', 1, 8, 4) ('J', 3, 8, 0) ('B', 1, 5, 12) 
('S', 2, 1, 10) ('T', 2, 5, 1) ('C', 0, 3, 12) ('B', 0, 1, 1) ('B', 0, 8, 2) ('J', 0, 0, 8) ('O', 0, 2, 3) ('C', 1, 5, 7) ('L', 2, 0, 13) ('O', 0, 8, 13) ('C', 2, 6, 12) ('I', 0, 6, 3) ('I', 1, 8, 6) ('L', 5, 3, 0) ('S', 1, 5, 4) ('L', 3, 3, 10) ('S', 1, 0, 6) ('B', 1, 9, 11) ('J', 1, 8, 4) ('J', 3, 8, 0) ('B', 1, 5, 12) ('B', 0, 4, 6) 
('S', 2, 1, 10) ('T', 2, 5, 1) ('C', 0, 3, 12) ('B', 0, 1, 1) ('B', 0, 8, 2) ('J', 0, 0, 8) ('O', 0, 2, 3) ('C', 1, 5, 7) ('L', 2, 0, 13) ('O', 0, 8, 13) ('C', 2, 6, 12) ('I', 0, 6, 3) ('I', 1, 8, 6) ('L', 5, 3, 0) ('S', 1, 5, 4) ('L', 3, 3, 10) ('S', 1, 0, 6) ('B', 1, 9, 11) ('J', 1, 8, 4) ('J', 3, 8, 0) ('B', 1, 5, 12) ('B', 0, 3, 6) 
('S', 2, 1, 10) ('T', 2, 5, 1) ('C', 0, 3, 12) ('B', 0, 1, 1) ('B', 0, 8, 2) ('J', 0, 0, 8) ('O', 0, 2, 3) ('C', 1, 5, 7) ('L', 2, 0, 13) ('O', 0, 8, 13) ('C', 2, 6, 12) ('I', 0, 6, 3) ('I', 1, 8, 6) ('L', 5, 3, 0) ('S', 1, 5, 4) ('L', 3, 3, 10) ('S', 1, 0, 6) ('B', 1, 9, 11) ('J', 1, 8, 4) ('J', 3, 8, 0) ('B', 1, 5, 12) ('B', 0, 3, 5) 
('S', 2, 1, 10) ('T', 2, 5, 1) ('C', 0, 3, 12) ('B', 0, 0, 0) ('B', 0, 8, 2) ('J', 0, 0, 8) ('O', 0, 2, 3) ('C', 1, 5, 7) ('L', 2, 0, 13) ('O', 0, 8, 13) ('C', 2, 6, 12) ('I', 0, 6, 3) ('I', 1, 8, 6) ('L', 5, 3, 0) ('S', 1, 5, 4) ('L', 3, 3, 10) ('S', 1, 0, 6) ('B', 1, 9, 11) ('J', 1, 8, 4) ('J', 3, 8, 0) ('B', 1, 5, 12) ('B', 0, 3, 5) 
('S', 2, 1, 10) ('T', 2, 5, 1) ('C', 0, 3, 12) ('B', 0, 0, 0) ('B', 0, 8, 2) ('J', 0, 0, 8) ('O', 0, 2, 3) ('C', 1, 5, 7) ('L', 2, 0, 13) ('O', 0, 8, 13) ('C', 2, 6, 12) ('I', 0, 6, 3) ('I', 1, 8, 6) ('L', 5, 3, 0) ('S', 1, 5, 4) ('L', 3, 3, 10) ('S', 1, 0, 6) ('B', 1, 9, 11) ('J', 1, 8, 4) ('J', 3, 8, 0) ('B', 1, 5, 12) ('B', 0, 2, 5) 
('S', 2, 1, 10) ('T', 2, 5, 1) ('C', 0, 3, 12) ('B', 0, 0, 0) ('B', 0, 8, 2) ('J', 0, 0, 8) ('O', 0, 1, 3) ('C', 1, 5, 7) ('L', 2, 0, 13) ('O', 0, 8, 13) ('C', 2, 6, 12) ('I', 0, 6, 3) ('I', 1, 8, 6) ('L', 5, 3, 0) ('S', 1, 5, 4) ('L', 3, 3, 10) ('S', 1, 0, 6) ('B', 1, 9, 11) ('J', 1, 8, 4) ('J', 3, 8, 0) ('B', 1, 5, 12) ('B', 0, 2, 5) 
('S', 2, 1, 10) ('T', 2, 5, 1) ('C', 0, 3, 12) ('B', 0, 0, 0) ('B', 0, 8, 2) ('J', 0, 0, 8) ('O', 0, 1, 3) ('C', 1, 5, 7) ('L', 2, 0, 13) ('O', 0, 8, 13) ('C', 2, 6, 12) ('I', 0, 6, 3) ('I', 1, 8, 6) ('L', 5, 3, 0) ('S', 1, 5, 4) ('L', 3, 3, 10) ('S', 1, 0, 6) ('B', 1, 9, 11) ('J', 1, 8, 4) ('J', 3, 8, 0) ('B', 1, 5, 12) ('B', 0, 2, 5) ('S', 0, 6, 9) 
('S', 2, 1, 10) ('T', 2, 5, 1) ('C', 0, 3, 12) ('B', 0, 0, 0) ('B', 0, 8, 2) ('J', 0, 0, 8) ('O', 0, 1, 3) ('C', 1, 5, 7) ('L', 2, 0, 13) ('O', 0, 8, 13) ('C', 2, 6, 12) ('I', 0, 6, 3) ('I', 1, 8, 6) ('L', 5, 2, 0) ('S', 1, 5, 4) ('L', 3, 3, 10) ('S', 1, 0, 6) ('B', 1, 9, 11) ('J', 1, 8, 4) ('J', 3, 8, 0) ('B', 1, 5, 12) ('B', 0, 2, 5) ('S', 0, 6, 9) 
('S', 2, 1, 10) ('T', 2, 5, 1) ('C', 0, 3, 12) ('B', 0, 0, 0) ('B', 0, 8, 2) ('J', 0, 0, 8) ('O', 0, 0, 3) ('C', 1, 5, 7) ('L', 2, 0, 13) ('O', 0, 8, 13) ('C', 2, 6, 12) ('I', 0, 6, 3) ('I', 1, 8, 6) ('L', 5, 2, 0) ('S', 1, 5, 4) ('L', 3, 3, 10) ('S', 1, 0, 6) ('B', 1, 9, 11) ('J', 1, 8, 4) ('J', 3, 8, 0) ('B', 1, 5, 12) ('B', 0, 2, 5) ('S', 0, 6, 9) 
('S', 2, 1, 10) ('T', 2, 5, 1) ('C', 0, 3, 12) ('B', 0, 0, 0) ('B', 0, 8, 2) ('J', 0, 0, 8) ('O', 0, 0, 3) ('C', 1, 5, 7) ('L', 2, 0, 13) ('O', 0, 8, 13) ('C', 2, 6, 12) ('I', 0, 6, 3) ('I', 1, 8, 6) ('L', 5, 2, 0) ('S', 1, 5, 4) ('L', 3, 3, 10) ('S', 1, 0, 6) ('B', 1, 9, 11) ('J', 1, 8, 4) ('J', 3, 8, 0) ('B', 1, 5, 12) ('B', 0, 2, 5) ('S', 0, 6, 9) ('J', 0, 4, 9) 
('S', 2, 1, 10) ('T', 2, 5, 1) ('C', 0, 3, 12) ('B', 0, 0, 0) ('B', 0, 8, 2) ('J', 0, 0, 8) ('O', 0, 0, 3) ('C', 1, 5, 7) ('L', 2, 0, 13) ('O', 0, 8, 13) ('C', 2, 6, 12) ('I', 0, 6, 3) ('I', 1, 8, 6) ('L', 5, 2, 0) ('S', 1, 5, 4) ('L', 3, 3, 10) ('S', 1, 0, 6) ('B', 1, 9, 11) ('J', 1, 8, 4) ('J', 3, 8, 0) ('B', 1, 5, 12) ('B', 0, 2, 5) ('S', 2, 6, 9) ('J', 0, 4, 9) 
('S', 2, 1, 10) ('T', 2, 5, 1) ('C', 0, 3, 12) ('B', 0, 0, 0) ('B', 0, 8, 2) ('J', 0, 0, 8) ('O', 0, 0, 3) ('C', 1, 5, 7) ('L', 2, 0, 13) ('O', 0, 8, 13) ('C', 2, 6, 12) ('I', 0, 6, 3) ('I', 1, 8, 6) ('L', 5, 2, 0) ('S', 1, 5, 4) ('L', 3, 3, 10) ('S', 1, 0, 6) ('B', 1, 9, 11) ('J', 1, 8, 4) ('J', 3, 8, 0) ('B', 1, 5, 13) ('B', 0, 2, 5) ('S', 2, 6, 9) ('J', 0, 4, 9) 
('S', 2, 1, 10) ('T', 2, 5, 1) ('C', 0, 3, 12) ('B', 0, 0, 0) ('B', 0, 8, 2) ('J', 0, 0, 8) ('O', 0, 0, 3) ('C', 1, 5, 7) ('L', 2, 0, 13) ('O', 0, 8, 13) ('C', 2, 6, 12) ('I', 0, 6, 3) ('I', 1, 8, 6) ('L', 5, 2, 0) ('S', 1, 5, 4) ('L', 3, 3, 10) ('S', 1, 0, 6) ('B', 1, 9, 11) ('J', 1, 8, 4) ('J', 3, 8, 0) ('B', 1, 5, 13) ('B', 0, 2, 5) ('S', 2, 6, 9) ('J', 0, 4, 9) ('I', 0, 3, 6) 
('S', 2, 1, 10) ('T', 2, 5, 1) ('C', 0, 3, 12) ('B', 0, 0, 0) ('B', 0, 8, 2) ('J', 0, 0, 8) ('O', 0, 0, 3) ('C', 1, 5, 7) ('L', 2, 0, 13) ('O', 0, 8, 13) ('C', 2, 6, 12) ('I', 0, 6, 3) ('I', 1, 8, 6) ('L', 5, 2, 0) ('S', 1, 5, 4) ('L', 3, 3, 10) ('S', 1, 0, 6) ('B', 1, 9, 11) ('J', 1, 8, 4) ('J', 1, 8, 0) ('B', 1, 5, 13) ('B', 0, 2, 5) ('S', 2, 6, 9) ('J', 0, 4, 9) ('I', 0, 3, 6) ('C', 2, 4, 2) 
('S', 2, 1, 10) ('T', 2, 5, 1) ('C', 0, 3, 12) ('B', 0, 0, 0) ('B', 0, 8, 2) ('J', 0, 0, 8) ('O', 0, 0, 3) ('C', 1, 5, 7) ('L', 2, 0, 13) ('O', 0, 8, 13) ('C', 2, 6, 12) ('I', 0, 6, 3) ('I', 1, 9, 7) ('L', 5, 2, 0) ('S', 1, 5, 4) ('L', 3, 3, 10) ('S', 1, 0, 6) ('B', 1, 9, 11) ('J', 1, 8, 4) ('J', 1, 8, 0) ('B', 1, 5, 13) ('B', 0, 2, 5) ('S', 2, 6, 9) ('J', 0, 4, 9) ('I', 0, 3, 6) ('C', 2, 4, 2) 
('S', 2, 1, 10) ('T', 2, 5, 1) ('C', 0, 3, 12) ('B', 0, 0, 0) ('B', 0, 8, 2) ('J', 0, 0, 8) ('O', 0, 0, 3) ('C', 1, 5, 7) ('L', 2, 0, 13) ('O', 0, 8, 13) ('C', 2, 6, 12) ('I', 0, 6, 3) ('I', 1, 9, 7) ('L', 5, 2, 0) ('S', 1, 5, 4) ('L', 3, 3, 10) ('S', 1, 0, 6) ('B', 1, 9, 11) ('J', 1, 8, 4) ('J', 1, 8, 0) ('B', 1, 5, 13) ('B', 0, 2, 5) ('S', 2, 6, 9) ('J', 0, 4, 9) ('I', 0, 3, 6) ('C', 2, 3, 2) 
('S', 2, 1, 10) ('T', 2, 5, 1) ('C', 0, 3, 12) ('B', 0, 0, 0) ('B', 0, 8, 2) ('J', 0, 0, 8) ('O', 0, 0, 3) ('C', 1, 5, 7) ('L', 3, 0, 13) ('O', 0, 8, 13) ('C', 2, 6, 12) ('I', 0, 6, 3) ('I', 1, 9, 7) ('L', 5, 2, 0) ('S', 1, 5, 4) ('L', 3, 3, 10) ('S', 1, 0, 6) ('B', 1, 9, 11) ('J', 1, 8, 4) ('J', 1, 8, 0) ('B', 1, 5, 13) ('B', 0, 2, 5) ('S', 2, 6, 9) ('J', 0, 4, 9) ('I', 0, 3, 6) ('C', 2, 3, 2) 
('S', 2, 1, 10) ('T', 2, 5, 1) ('C', 0, 3, 12) ('B', 0, 0, 0) ('B', 0, 8, 2) ('J', 0, 0, 8) ('O', 0, 0, 3) ('C', 1, 5, 7) ('L', 3, 0, 13) ('O', 0, 8, 13) ('C', 2, 6, 12) ('I', 0, 6, 3) ('I', 1, 9, 7) ('L', 7, 2, 0) ('S', 1, 5, 4) ('L', 3, 3, 10) ('S', 1, 0, 6) ('B', 1, 9, 11) ('J', 1, 8, 4) ('J', 1, 8, 0) ('B', 1, 5, 13) ('B', 0, 2, 5) ('S', 2, 6, 9) ('J', 0, 4, 9) ('I', 0, 3, 6) ('C', 2, 3, 2) 
('S', 2, 1, 10) ('T', 2, 5, 1) ('C', 0, 3, 12) ('B', 0, 0, 0) ('B', 0, 8, 2) ('J', 0, 0, 8) ('O', 0, 0, 3) ('C', 1, 5, 7) ('L', 3, 0, 13) ('O', 0, 8, 13) ('C', 2, 6, 12) ('I', 0, 6, 3) ('I', 1, 9, 7) ('L', 7, 2, 0) ('S', 1, 5, 4) ('L', 3, 3, 10) ('S', 1, 0, 6) ('B', 1, 9, 11) ('J', 2, 8, 4) ('J', 1, 8, 0) ('B', 1, 5, 13) ('B', 0, 2, 5) ('S', 2, 6, 9) ('J', 0, 4, 9) ('I', 0, 3, 6) ('C', 2, 3, 2) 
('S', 2, 1, 10) ('T', 2, 5, 1) ('C', 0, 3, 12) ('B', 0, 0, 0) ('B', 0, 8, 2) ('J', 0, 0, 8) ('O', 0, 0, 2) ('C', 1, 5, 7) ('L', 3, 0, 13) ('O', 0, 8, 13) ('C', 2, 6, 12) ('I', 0, 6, 3) ('I', 1, 9, 7) ('L', 7, 2, 0) ('S', 1, 5, 4) ('L', 3, 3, 10) ('S', 1, 0, 6) ('B', 1, 9, 11) ('J', 2, 8, 4) ('J', 1, 8, 0) ('B', 1, 5, 13) ('B', 0, 2, 5) ('S', 2, 6, 9) ('J', 0, 4, 9) ('I', 0, 3, 6) ('C', 2, 3, 2) 
('S', 2, 1, 10) ('T', 2, 5, 1) ('C', 0, 3, 12) ('B', 0, 0, 0) ('B', 0, 8, 2) ('J', 0, 0, 8) ('O', 0, 0, 2) ('C', 1, 5, 7) ('L', 3, 0, 13) ('O', 0, 8, 13) ('C', 2, 6, 12) ('I', 0, 6, 3) ('I', 1, 9, 7) ('L', 7, 2, 0) ('S', 1, 5, 4) ('L', 3, 3, 10) ('S', 1, 0, 6) ('B', 1, 9, 11) ('J', 2, 8, 4) ('J', 1, 8, 0) ('B', 1, 5, 13) ('B', 0, 2, 5) ('S', 2, 6, 9) ('J', 0, 4, 9) ('I', 0, 3, 6) ('C', 2, 3, 2) ('I', 1, 8, 8) 
('S', 2, 1, 10) ('T', 2, 5, 1) ('C', 0, 3, 12) ('B', 0, 0, 0) ('B', 0, 8, 2) ('J', 0, 0, 8) ('O', 0, 0, 2) ('C', 1, 5, 7) ('L', 3, 0, 13) ('O', 0, 8, 13) ('C', 2, 6, 12) ('I', 0, 6, 3) ('I', 1, 9, 7) ('L', 7, 2, 0) ('S', 1, 5, 4) ('L', 3, 3, 10) ('S', 1, 0, 6) ('B', 1, 9, 11) ('J', 2, 8, 4) ('J', 3, 8, 0) ('B', 1, 5, 13) ('B', 0, 2, 5) ('S', 2, 6, 9) ('J', 0, 4, 9) ('I', 0, 3, 6) ('C', 2, 3, 2) ('I', 1, 8, 8) 
('S', 2, 1, 10) ('T', 2, 5, 1) ('C', 0, 3, 12) ('B', 0, 0, 0) ('B', 0, 8, 2) ('J', 0, 0, 8) ('O', 0, 0, 2) ('C', 1, 5, 7) ('L', 3, 0, 13) ('O', 0, 8, 13) ('C', 2, 6, 12) ('I', 0, 6, 3) ('I', 1, 9, 7) ('L', 7, 2, 0) ('S', 1, 5, 4) ('L', 3, 3, 10) ('S', 1, 0, 6) ('B', 1, 9, 11) ('J', 2, 8, 4) ('J', 3, 8, 0) ('B', 1, 5, 13) ('B', 0, 2, 5) ('S', 2, 6, 9) ('J', 0, 4, 9) ('I', 1, 3, 6) ('C', 2, 3, 2) ('I', 1, 8, 8) 
('S', 2, 1, 10) ('T', 2, 5, 1) ('C', 0, 3, 12) ('B', 0, 0, 0) ('B', 0, 8, 2) ('J', 0, 0, 8) ('O', 0, 0, 2) ('C', 1, 5, 7) ('L', 3, 0, 13) ('O', 0, 8, 13) ('C', 2, 6, 12) ('I', 0, 6, 3) ('I', 1, 9, 7) ('L', 7, 2, 0) ('S', 1, 5, 4) ('L', 3, 3, 10) ('S', 1, 0, 6) ('B', 1, 9, 11) ('J', 2, 8, 4) ('J', 3, 8, 0) ('B', 1, 5, 13) ('B', 0, 2, 5) ('S', 2, 6, 9) ('J', 0, 4, 9) ('I', 1, 3, 6) ('C', 2, 3, 2) ('I', 1, 8, 9) 
('S', 2, 1, 10) ('T', 2, 5, 1) ('C', 0, 3, 12) ('B', 0, 0, 0) ('B', 0, 8, 2) ('J', 0, 0, 8) ('O', 0, 0, 2) ('C', 1, 5, 7) ('L', 3, 0, 13) ('O', 0, 8, 13) ('C', 2, 6, 12) ('I', 0, 6, 3) ('I', 1, 9, 7) ('L', 7, 2, 0) ('S', 1, 5, 4) ('L', 3, 3, 10) ('S', 1, 0, 6) ('B', 1, 9, 11) ('J', 2, 8, 4) ('J', 2, 8, 0) ('B', 1, 5, 13) ('B', 0, 2, 5) ('S', 2, 6, 9) ('J', 0, 4, 9) ('I', 1, 3, 6) ('C', 2, 3, 2) ('I', 1, 8, 9) 
('S', 2, 1, 10) ('T', 2, 5, 1) ('C', 2, 3, 12) ('B', 0, 0, 0) ('B', 0, 8, 2) ('J', 0, 0, 8) ('O', 0, 0, 2) ('C', 1, 5, 7) ('L', 3, 0, 13) ('O', 0, 8, 13) ('C', 2, 6, 12) ('I', 0, 6, 3) ('I', 1, 9, 7) ('L', 7, 2, 0) ('S', 1, 5, 4) ('L', 3, 3, 10) ('S', 1, 0, 6) ('B', 1, 9, 11) ('J', 2, 8, 4) ('J', 2, 8, 0) ('B', 1, 5, 13) ('B', 0, 2, 5) ('S', 2, 6, 9) ('J', 0, 4, 9) ('I', 1, 3, 6) ('C', 2, 3, 2) ('I', 1, 8, 9) 
('S', 2, 1, 10) ('T', 2, 5, 1) ('C', 2, 3, 12) ('B', 0, 0, 0) ('B', 0, 8, 2) ('J', 0, 0, 8) ('O', 0, 0, 2) ('C', 1, 5, 7) ('L', 3, 0, 13) ('O', 0, 8, 13) ('C', 2, 6, 12) ('I', 0, 6, 3) ('I', 1, 9, 7) ('L', 7, 2, 0) ('S', 1, 5, 4) ('L', 3, 3, 10) ('S', 1, 0, 6) ('B', 1, 9, 11) ('J', 2, 8, 4) ('J', 2, 8, 0) ('B', 1, 5, 13) ('B', 0, 2, 5) ('S', 2, 6, 9) ('J', 0, 4, 9) ('I', 1, 3, 6) ('C', 2, 3, 2) ('I', 1, 8, 9) ('O', 0, 0, 4) 
('S', 2, 1, 10) ('T', 2, 5, 1) ('C', 2, 3, 12) ('B', 0, 0, 0) ('B', 0, 8, 2) ('J', 0, 0, 8) ('O', 0, 0, 2) ('C', 1, 5, 7) ('L', 3, 0, 13) ('O', 0, 8, 13) ('C', 2, 6, 12) ('I', 0, 6, 3) ('I', 1, 9, 7) ('L', 7, 2, 0) ('S', 1, 5, 4) ('L', 3, 3, 10) ('S', 1, 0, 6) ('B', 1, 9, 11) ('J', 2, 8, 4) ('J', 2, 8, 0) ('B', 1, 5, 13) ('B', 0, 2, 5) ('S', 2, 6, 9) ('J', 0, 4, 9) ('I', 1, 3, 6) ('C', 3, 3, 2) ('I', 1, 8, 9) ('O', 0, 0, 4) 
('S', 2, 1, 10) ('T', 2, 5, 1) ('C', 0, 3, 12) ('B', 0, 0, 0) ('B', 0, 8, 2) ('J', 0, 0, 8) ('O', 0, 0, 2) ('C', 1, 5, 7) ('L', 3, 0, 13) ('O', 0, 8, 13) ('C', 2, 6, 12) ('I', 0, 6, 3) ('I', 1, 9, 7) ('L', 7, 2, 0) ('S', 1, 5, 4) ('L', 3, 3, 10) ('S', 1, 0, 6) ('B', 1, 9, 11) ('J', 2, 8, 4) ('J', 2, 8, 0) ('B', 1, 5, 13) ('B', 0, 2, 5) ('S', 2, 6, 9) ('J', 0, 4, 9) ('I', 1, 3, 6) ('C', 3, 3, 2) ('I', 1, 8, 9) ('O', 0, 0, 4) 
('S', 2, 1, 10) ('T', 2, 5, 1) ('C', 0, 3, 12) ('B', 0, 0, 0) ('B', 0, 8, 2) ('J', 0, 0, 8) ('O', 0, 0, 2) ('C', 1, 5, 7) ('L', 3, 0, 13) ('O', 0, 8, 13) ('C', 2, 6, 12) ('I', 0, 6, 3) ('I', 1, 9, 7) ('L', 7, 2, 0) ('S', 1, 5, 4) ('L', 3, 3, 10) ('S', 1, 0, 6) ('B', 1, 9, 11) ('J', 2, 8, 4) ('J', 2, 8, 0) ('B', 1, 5, 13) ('B', 0, 2, 5) ('S', 2, 6, 9) ('J', 0, 4, 9) ('I', 1, 3, 6) ('C', 3, 3, 2) ('I', 1, 8, 9) ('O', 0, 0, 4) ('I', 1, 4, 3) 
('S', 2, 1, 10) ('T', 2, 5, 1) ('C', 0, 3, 12) ('B', 0, 0, 0) ('B', 0, 8, 2) ('J', 0, 0, 9) ('O', 0, 0, 2) ('C', 1, 5, 7) ('L', 3, 0, 13) ('O', 0, 8, 13) ('C', 2, 6, 12) ('I', 0, 6, 3) ('I', 1, 9, 7) ('L', 7, 2, 0) ('S', 1, 5, 4) ('L', 3, 3, 10) ('S', 1, 0, 6) ('B', 1, 9, 11) ('J', 2, 8, 4) ('J', 2, 8, 0) ('B', 1, 5, 13) ('B', 0, 2, 5) ('S', 2, 6, 9) ('J', 0, 4, 9) ('I', 1, 3, 6) ('C', 3, 3, 2) ('I', 1, 8, 9) ('O', 0, 0, 4) ('I', 1, 4, 3) 
('S', 2, 1, 10) ('T', 2, 5, 1) ('C', 2, 3, 12) ('B', 0, 0, 0) ('B', 0, 8, 2) ('J', 0, 0, 9) ('O', 0, 0, 2) ('C', 1, 5, 7) ('L', 3, 0, 13) ('O', 0, 8, 13) ('C', 2, 6, 12) ('I', 0, 6, 3) ('I', 1, 9, 7) ('L', 7, 2, 0) ('S', 1, 5, 4) ('L', 3, 3, 10) ('S', 1, 0, 6) ('B', 1, 9, 11) ('J', 2, 8, 4) ('J', 2, 8, 0) ('B', 1, 5, 13) ('B', 0, 2, 5) ('S', 2, 6, 9) ('J', 0, 4, 9) ('I', 1, 3, 6) ('C', 3, 3, 2) ('I', 1, 8, 9) ('O', 0, 0, 4) ('I', 1, 4, 3) 
('S', 2, 1, 10) ('T', 2, 5, 1) ('C', 2, 3, 12) ('B', 0, 0, 0) ('B', 0, 8, 2) ('J', 0, 0, 9) ('O', 0, 0, 2) ('C', 1, 5, 7) ('L', 3, 0, 13) ('O', 0, 8, 13) ('C', 2, 6, 12) ('I', 0, 6, 3) ('I', 1, 9, 7) ('L', 7, 2, 0) ('S', 1, 5, 4) ('L', 3, 3, 10) ('S', 2, 0, 6) ('B', 1, 9, 11) ('J', 2, 8, 4) ('J', 2, 8, 0) ('B', 1, 5, 13) ('B', 0, 2, 5) ('S', 2, 6, 9) ('J', 0, 4, 9) ('I', 1, 3, 6) ('C', 3, 3, 2) ('I', 1, 8, 9) ('O', 0, 0, 4) ('I', 1, 4, 3) 
('S', 2, 1, 10) ('T', 2, 5, 1) ('C', 2, 3, 12) ('B', 0, 0, 0) ('B', 0, 8, 2) ('J', 0, 0, 9) ('O', 0, 0, 2) ('C', 1, 5, 7) ('L', 3, 0, 13) ('O', 0, 8, 13) ('C', 2, 6, 12) ('I', 0, 6, 3) ('I', 1, 9, 7) ('L', 7, 2, 0) ('S', 1, 5, 4) ('L', 3, 3, 10) ('S', 2, 0, 6) ('B', 1, 9, 11) ('J', 2, 8, 4) ('J', 2, 8, 0) ('B', 1, 5, 13) ('B', 0, 2, 5) ('S', 2, 6, 9) ('J', 0, 4, 9) ('I', 1, 3, 6) ('C', 3, 3, 2) ('I', 1, 8, 9) ('O', 0, 0, 4) ('I', 1, 4, 3) ('O', 0, 7, 5) 
('S', 2, 1, 10) ('T', 2, 5, 1) ('C', 2, 3, 12) ('B', 0, 0, 0) ('B', 0, 8, 2) ('J', 0, 0, 9) ('O', 0, 0, 1) ('C', 1, 5, 7) ('L', 3, 0, 13) ('O', 0, 8, 13) ('C', 2, 6, 12) ('I', 0, 6, 3) ('I', 1, 9, 7) ('L', 7, 2, 0) ('S', 1, 5, 4) ('L', 3, 3, 10) ('S', 2, 0, 6) ('B', 1, 9, 11) ('J', 2, 8, 4) ('J', 2, 8, 0) ('B', 1, 5, 13) ('B', 0, 2, 5) ('S', 2, 6, 9) ('J', 0, 4, 9) ('I', 1, 3, 6) ('C', 3, 3, 2) ('I', 1, 8, 9) ('O', 0, 0, 4) ('I', 1, 4, 3) ('O', 0, 7, 5) 
('S', 2, 1, 10) ('T', 2, 5, 1) ('C', 2, 3, 12) ('B', 0, 0, 0) ('B', 0, 8, 2) ('J', 0, 0, 9) ('O', 0, 0, 1) ('C', 1, 5, 7) ('L', 3, 0, 13) ('O', 0, 8, 13) ('C', 2, 6, 12) ('I', 0, 6, 3) ('I', 1, 9, 7) ('L', 7, 2, 0) ('S', 1, 5, 4) ('L', 3, 3, 10) ('S', 2, 0, 6) ('B', 1, 9, 11) ('J', 2, 8, 4) ('J', 2, 8, 0) ('B', 1, 5, 13) ('B', 0, 2, 5) ('S', 2, 6, 9) ('J', 0, 4, 9) ('I', 1, 2, 6) ('C', 3, 3, 2) ('I', 1, 8, 9) ('O', 0, 0, 4) ('I', 1, 4, 3) ('O', 0, 7, 5) 
('S', 2, 1, 10) ('T', 2, 5, 0) ('C', 2, 3, 12) ('B', 0, 0, 0) ('B', 0, 8, 2) ('J', 0, 0, 9) ('O', 0, 0, 1) ('C', 1, 5, 7) ('L', 3, 0, 13) ('O', 0, 8, 13) ('C', 2, 6, 12) ('I', 0, 6, 3) ('I', 1, 9, 7) ('L', 7, 2, 0) ('S', 1, 5, 4) ('L', 3, 3, 10) ('S', 2, 0, 6) ('B', 1, 9, 11) ('J', 2, 8, 4) ('J', 2, 8, 0) ('B', 1, 5, 13) ('B', 0, 2, 5) ('S', 2, 6, 9) ('J', 0, 4, 9) ('I', 1, 2, 6) ('C', 3, 3, 2) ('I', 1, 8, 9) ('O', 0, 0, 4) ('I', 1, 4, 3) ('O', 0, 7, 5) 
('S', 2, 1, 10) ('T', 2, 5, 0) ('C', 2, 3, 12) ('B', 0, 0, 0) ('B', 0, 8, 2) ('J', 0, 0, 9) ('O', 0, 0, 1) ('C', 1, 5, 7) ('L', 3, 0, 13) ('O', 0, 8, 13) ('C', 2, 6, 12) ('I', 0, 6, 3) ('I', 1, 9, 7) ('L', 7, 2, 0) ('S', 1, 5, 4) ('L', 3, 3, 10) ('S', 2, 0, 6) ('B', 1, 9, 11) ('J', 2, 8, 4) ('J', 2, 8, 0) ('B', 1, 5, 13) ('B', 0, 2, 5) ('S', 2, 6, 9) ('J', 0, 4, 9) ('I', 1, 2, 6) ('C', 3, 3, 2) ('I', 1, 8, 9) ('O', 0, 0, 3) ('I', 1, 4, 3) ('O', 0, 7, 5) 
('S', 2, 1, 10) ('T', 2, 5, 0) ('C', 2, 3, 12) ('B', 0, 0, 0) ('B', 0, 8, 2) ('J', 0, 0, 9) ('O', 0, 0, 1) ('C', 1, 5, 7) ('L', 3, 0, 13) ('O', 0, 8, 13) ('C', 2, 6, 12) ('I', 0, 6, 3) ('I', 1, 9, 7) ('L', 7, 2, 0) ('S', 1, 5, 4) ('L', 3, 3, 10) ('S', 2, 0, 6) ('B', 1, 9, 11) ('J', 2, 8, 4) ('J', 2, 8, 0) ('B', 1, 5, 13) ('B', 0, 2, 5) ('S', 2, 6, 9) ('J', 0, 4, 9) ('I', 1, 2, 6) ('C', 3, 3, 2) ('I', 1, 8, 9) ('O', 0, 0, 3) ('I', 1, 4, 3) ('O', 0, 7, 5) ('J', 1, 3, 7) 
('S', 2, 1, 10) ('T', 2, 5, 0) ('C', 2, 3, 12) ('B', 0, 0, 0) ('B', 0, 8, 2) ('J', 0, 0, 9) ('O', 0, 0, 1) ('C', 1, 5, 7) ('L', 3, 0, 13) ('O', 0, 8, 13) ('C', 2, 6, 12) ('I', 0, 6, 3) ('I', 1, 9, 7) ('L', 7, 2, 0) ('S', 1, 5, 4) ('L', 3, 3, 10) ('S', 2, 0, 6) ('B', 1, 9, 11) ('J', 2, 8, 4) ('J', 2, 8, 0) ('B', 1, 5, 13) ('B', 0, 1, 5) ('S', 2, 6, 9) ('J', 0, 4, 9) ('I', 1, 2, 6) ('C', 3, 3, 2) ('I', 1, 8, 9) ('O', 0, 0, 3) ('I', 1, 4, 3) ('O', 0, 7, 5) ('J', 1, 3, 7) 
('S', 2, 1, 10) ('T', 2, 5, 0) ('C', 2, 3, 12) ('B', 0, 0, 0) ('B', 0, 8, 2) ('J', 0, 0, 9) ('O', 0, 0, 1) ('C', 1, 5, 7) ('L', 3, 0, 13) ('O', 0, 8, 13) ('C', 2, 6, 12) ('I', 0, 6, 3) ('I', 1, 9, 7) ('L', 7, 2, 0) ('S', 1, 5, 4) ('L', 3, 3, 10) ('S', 2, 0, 6) ('B', 1, 9, 11) ('J', 2, 8, 4) ('J', 2, 8, 0) ('B', 1, 5, 13) ('B', 0, 0, 5) ('S', 2, 6, 9) ('J', 0, 4, 9) ('I', 1, 2, 6) ('C', 3, 3, 2) ('I', 1, 8, 9) ('O', 0, 0, 3) ('I', 1, 4, 3) ('O', 0, 7, 5) ('J', 1, 3, 7) 
('S', 2, 1, 10) ('T', 2, 5, 0) ('C', 2, 3, 12) ('B', 0, 0, 0) ('B', 0, 8, 2) ('J', 0, 0, 9) ('O', 0, 0, 1) ('C', 1, 6, 7) ('L', 3, 0, 13) ('O', 0, 8, 13) ('C', 2, 6, 12) ('I', 0, 6, 3) ('I', 1, 9, 7) ('L', 6, 2, 0) ('S', 1, 5, 4) ('L', 3, 3, 10) ('S', 2, 0, 6) ('B', 1, 9, 11) ('J', 2, 8, 4) ('J', 2, 8, 0) ('B', 1, 5, 13) ('B', 0, 0, 5) ('S', 2, 6, 9) ('J', 0, 4, 9) ('I', 1, 2, 6) ('C', 3, 3, 2) ('I', 1, 8, 9) ('O', 0, 0, 3) ('I', 1, 4, 3) ('O', 0, 7, 5) ('J', 1, 3, 7) 
('S', 2, 1, 10) ('T', 2, 5, 0) ('C', 2, 3, 12) ('B', 0, 0, 0) ('B', 0, 8, 2) ('J', 0, 0, 9) ('O', 0, 0, 1) ('C', 1, 6, 7) ('L', 3, 0, 13) ('O', 0, 8, 13) ('C', 2, 6, 12) ('I', 0, 6, 3) ('I', 1, 9, 7) ('L', 6, 2, 0) ('S', 1, 5, 4) ('L', 3, 3, 10) ('S', 2, 0, 6) ('B', 1, 9, 11) ('J', 2, 8, 4) ('J', 2, 8, 0) ('B', 1, 5, 13) ('B', 0, 0, 5) ('S', 2, 6, 9) ('J', 1, 4, 9) ('I', 1, 2, 6) ('C', 3, 3, 2) ('I', 1, 8, 9) ('O', 0, 0, 3) ('I', 1, 4, 3) ('O', 0, 7, 5) ('J', 1, 3, 7) 
('S', 2, 1, 10) ('T', 2, 5, 0) ('C', 2, 3, 12) ('B', 0, 0, 0) ('B', 0, 8, 2) ('J', 0, 0, 9) ('O', 0, 0, 1) ('C', 1, 6, 7) ('L', 3, 0, 13) ('O', 0, 8, 13) ('C', 2, 6, 12) ('I', 0, 6, 3) ('I', 1, 9, 7) ('L', 6, 2, 0) ('S', 1, 5, 4) ('L', 3, 3, 10) ('S', 2, 0, 6) ('B', 1, 9, 11) ('J', 2, 8, 4) ('J', 2, 8, 0) ('B', 1, 5, 13) ('B', 0, 0, 5) ('S', 2, 6, 9) ('J', 1, 4, 9) ('I', 1, 2, 6) ('C', 3, 3, 2) ('I', 1, 8, 9) ('O', 0, 0, 3) ('I', 1, 4, 3) ('O', 0, 7, 5) ('J', 1, 4, 7) 
('S', 2, 1, 10) ('T', 2, 5, 0) ('C', 2, 3, 12) ('B', 0, 0, 0) ('B', 0, 8, 2) ('J', 0, 0, 9) ('O', 0, 0, 1) ('C', 1, 6, 7) ('L', 3, 0, 13) ('O', 0, 8, 13) ('C', 2, 6, 12) ('I', 0, 6, 3) ('I', 1, 9, 7) ('L', 6, 2, 0) ('S', 1, 5, 4) ('L', 3, 3, 10) ('S', 2, 0, 6) ('B', 1, 9, 11) ('J', 2, 8, 4) ('J', 2, 8, 0) ('B', 1, 5, 13) ('B', 1, 0, 5) ('S', 2, 6, 9) ('J', 1, 4, 9) ('I', 1, 2, 6) ('C', 3, 3, 2) ('I', 1, 8, 9) ('O', 0, 0, 3) ('I', 1, 4, 3) ('O', 0, 7, 5) ('J', 1, 4, 7) 
('S', 2, 1, 10) ('T', 2, 5, 0) ('C', 2, 3, 12) ('B', 0, 0, 0) ('B', 0, 8, 2) ('J', 0, 0, 9) ('O', 0, 0, 1) ('C', 1, 6, 7) ('L', 3, 0, 13) ('O', 0, 8, 13) ('C', 2, 6, 12) ('I', 0, 6, 3) ('I', 1, 9, 7) ('L', 6, 2, 0) ('S', 1, 5, 4) ('L', 3, 3, 10) ('S', 2, 0, 6) ('B', 1, 9, 11) ('J', 2, 8, 4) ('J', 2, 8, 0) ('B', 1, 5, 13) ('B', 1, 0, 5) ('S', 2, 6, 9) ('J', 1, 4, 9) ('I', 1, 2, 6) ('C', 3, 3, 2) ('I', 1, 8, 9) ('O', 0, 0, 3) ('I', 1, 4, 3) ('O', 0, 7, 5) ('J', 1, 3, 8) 
('S', 2, 1, 10) ('T', 2, 5, 0) ('C', 2, 3, 12) ('B', 0, 0, 0) ('B', 0, 8, 2) ('J', 0, 0, 9) ('O', 0, 0, 1) ('C', 1, 6, 7) ('L', 3, 0, 13) ('O', 0, 8, 13) ('C', 2, 6, 12) ('I', 0, 6, 3) ('I', 1, 9, 7) ('L', 6, 2, 0) ('S', 1, 5, 4) ('L', 3, 3, 10) ('S', 2, 0, 6) ('B', 1, 9, 11) ('J', 2, 8, 4) ('J', 2, 8, 0) ('B', 1, 5, 13) ('B', 1, 0, 5) ('S', 2, 6, 9) ('J', 1, 4, 9) ('I', 1, 2, 6) ('C', 3, 3, 2) ('I', 1, 8, 9) ('O', 0, 0, 3) ('I', 1, 4, 3) ('O', 0, 7, 5) ('J', 0, 3, 8) 
('S', 2, 1, 10) ('T', 2, 5, 0) ('C', 2, 3, 12) ('B', 0, 0, 0) ('B', 0, 8, 2) ('J', 0, 0, 9) ('O', 0, 0, 1) ('C', 1, 6, 7) ('L', 3, 0, 13) ('O', 0, 8, 13) ('C', 2, 6, 12) ('I', 0, 6, 3) ('I', 1, 9, 7) ('L', 7, 2, 0) ('S', 1, 5, 4) ('L', 3, 3, 10) ('S', 2, 0, 6) ('B', 1, 9, 11) ('J', 2, 8, 4) ('J', 2, 8, 0) ('B', 1, 5, 13) ('B', 1, 0, 5) ('S', 2, 6, 9) ('J', 1, 4, 9) ('I', 1, 2, 6) ('C', 3, 3, 2) ('I', 1, 8, 9) ('O', 0, 0, 3) ('I', 1, 4, 3) ('O', 0, 7, 5) ('J', 0, 3, 8) 
('S', 2, 1, 10) ('T', 2, 5, 0) ('C', 2, 3, 12) ('B', 0, 0, 0) ('B', 0, 8, 2) ('J', 0, 0, 9) ('O', 0, 0, 1) ('C', 1, 6, 7) ('L', 3, 0, 13) ('O', 0, 8, 13) ('C', 2, 6, 12) ('I', 0, 6, 3) ('I', 1, 9, 7) ('L', 7, 2, 0) ('S', 1, 5, 4) ('L', 3, 3, 10) ('S', 2, 0, 6) ('B', 1, 9, 11) ('J', 2, 8, 4) ('J', 2, 8, 0) ('B', 1, 5, 13) ('B', 1, 0, 5) ('S', 2, 6, 9) ('J', 1, 4, 9) ('I', 1, 2, 6) ('C', 3, 3, 2) ('I', 1, 8, 9) ('O', 0, 0, 3) ('I', 1, 4, 3) ('O', 0, 7, 5) ('J', 1, 3, 8) 
('S', 2, 1, 10) ('T', 2, 5, 0) ('C', 2, 3, 12) ('B', 0, 0, 0) ('B', 0, 8, 2) ('J', 0, 0, 9) ('O', 0, 0, 1) ('C', 1, 6, 7) ('L', 3, 0, 13) ('O', 0, 8, 13) ('C', 2, 6, 12) ('I', 0, 6, 3) ('I', 1, 9, 7) ('L', 7, 2, 0) ('S', 1, 5, 4) ('L', 3, 3, 10) ('S', 2, 0, 6) ('B', 1, 9, 11) ('J', 2, 8, 4) ('J', 2, 8, 0) ('B', 1, 5, 13) ('B', 1, 0, 5) ('S', 2, 6, 9) ('J', 1, 4, 9) ('I', 1, 2, 6) ('C', 3, 3, 2) ('I', 1, 8, 9) ('O', 0, 0, 3) ('I', 1, 4, 3) ('O', 0, 7, 5) ('J', 1, 3, 8) ('O', 0, 2, 4) 
('S', 2, 1, 10) ('T', 2, 5, 0) ('C', 2, 3, 12) ('B', 0, 0, 0) ('B', 0, 8, 2) ('J', 0, 0, 9) ('O', 0, 0, 1) ('C', 3, 6, 7) ('L', 3, 0, 13) ('O', 0, 8, 13) ('C', 2, 6, 12) ('I', 0, 6, 3) ('I', 1, 9, 7) ('L', 7, 2, 0) ('S', 1, 5, 4) ('L', 3, 3, 10) ('S', 2, 0, 6) ('B', 1, 9, 11) ('J', 2, 8, 4) ('J', 2, 8, 0) ('B', 1, 5, 13) ('B', 1, 0, 5) ('S', 2, 6, 9) ('J', 1, 4, 9) ('I', 1, 2, 6) ('C', 3, 3, 2) ('I', 1, 8, 9) ('O', 0, 0, 3) ('I', 1, 4, 3) ('O', 0, 7, 5) ('J', 1, 3, 8) ('O', 0, 2, 4) 
